https://www.immoweb.be/en/classified/new-real-estate-project-apartments/for-sale/herent/3020/20811461
https://www.immoweb.be/en/classified/new-real-estate-project-apartments/for-sale/uccle/1180/20809692
https://www.immoweb.be/en/classified/new-real-estate-project-apartments/for-sale/waterloo/1410/20805604
https://www.immoweb.be/en/classified/new-real-estate-project-houses/for-sale/bruxelles/1120/20806699
https://www.immoweb.be/en/classified/new-real-estate-project-apartments/for-sale/antwerpen/2018/20808866
https://www.immoweb.be/en/classified/apartment/for-sale/deurne/2100/20806988
https://www.immoweb.be/en/classified/house/for-sale/hoboken/2660/20813256
https://www.immoweb.be/en/classified/house/for-sale/pepingen/1670/20815462
https://www.immoweb.be/en/classified/house/for-sale/grez-doiceau/1390/20801987
https://www.immoweb.be/en/classified/apartment/for-sale/berchem/2600/20815717
https://www.immoweb.be/en/classified/apartment/for-sale/vilvoorde/1800/20814644
https://www.immoweb.be/en/classified/duplex/for-sale/bruxelles/1000/20816320
https://www.immoweb.be/en/classified/apartment/for-sale/berchem/2600/20815857
https://www.immoweb.be/en/classified/apartment/for-sale/berchem/2600/20815866
https://www.immoweb.be/en/classified/apartment/for-sale/nieuwpoort/8620/20816361
https://www.immoweb.be/en/classified/apartment-block/for-sale/soumagne/4630/20816436
https://www.immoweb.be/en/classified/house/for-sale/merksem/2170/20810299
https://www.immoweb.be/en/classified/mixed-use-building/for-sale/merksem/2170/20810300
https://www.immoweb.be/en/classified/apartment/for-sale/hoboken/2660/20814349
https://www.immoweb.be/en/classified/apartment/for-sale/mortsel/2640/20814118
https://www.immoweb.be/en/classified/apartment/for-sale/sint-genesius-rode/1640/20813233
https://www.immoweb.be/en/classified/apartment/for-sale/ixelles/1050/20811826
https://www.immoweb.be/en/classified/apartment/for-sale/ixelles/1050/20812256
https://www.immoweb.be/en/classified/house/for-sale/izegem/8870/20813547
https://www.immoweb.be/en/classified/apartment/for-sale/sint-kruis/8310/20818166
https://www.immoweb.be/en/classified/apartment/for-sale/boom/2850/20817947
https://www.immoweb.be/en/classified/apartment/for-sale/zelzate/9060/20817757
https://www.immoweb.be/en/classified/apartment/for-sale/jodoigne/1370/20818307
https://www.immoweb.be/en/classified/ground-floor/for-sale/jodoigne/1370/20818303
https://www.immoweb.be/en/classified/apartment/for-sale/schaerbeek/1030/20818310
https://www.immoweb.be/en/classified/chalet/for-sale/laken/1020/20214748
https://www.immoweb.be/en/classified/house/for-sale/zonhoven/3520/20818510
https://www.immoweb.be/en/classified/apartment/for-sale/aalst-9300/9300/10973691
https://www.immoweb.be/en/classified/apartment/for-sale/sint-jans-molenbeek/1080/11250411
https://www.immoweb.be/en/classified/house/for-sale/lede/9340/20818506
https://www.immoweb.be/en/classified/house/for-sale/lede/9340/20818507
https://www.immoweb.be/en/classified/apartment/for-sale/middelkerke/8430/20818505
https://www.immoweb.be/en/classified/house/for-sale/diksmuide/8600/20818504
https://www.immoweb.be/en/classified/villa/for-sale/sint-kwintens-lennik/1750/20467723
https://www.immoweb.be/en/classified/apartment/for-sale/turnhout/2300/20818502
https://www.immoweb.be/en/classified/house/for-sale/liege/4020/20818500
https://www.immoweb.be/en/classified/house/for-sale/flemalle/4400/20818494
https://www.immoweb.be/en/classified/villa/for-sale/boutersem/3370/20818493
https://www.immoweb.be/en/classified/house/for-sale/aalst/9310/20818492
https://www.immoweb.be/en/classified/apartment/for-sale/bruxelles/1070/20818491
https://www.immoweb.be/en/classified/apartment/for-sale/bruxelles/1070/20637937
https://www.immoweb.be/en/classified/house/for-sale/zulte/9870/20818487
https://www.immoweb.be/en/classified/new-real-estate-project-houses/for-sale/wetteren/9230/20818470
https://www.immoweb.be/en/classified/house/for-sale/wetteren/9230/20818473
https://www.immoweb.be/en/classified/house/for-sale/wetteren/9230/20818469
https://www.immoweb.be/en/classified/house/for-sale/wetteren/9230/20818468
https://www.immoweb.be/en/classified/house/for-sale/wetteren/9230/20818472
https://www.immoweb.be/en/classified/house/for-sale/wetteren/9230/20818467
https://www.immoweb.be/en/classified/house/for-sale/wetteren/9230/20818466
https://www.immoweb.be/en/classified/house/for-sale/wetteren-ten-ede/9230/20818485
https://www.immoweb.be/en/classified/house/for-sale/antwerpen/2600/20818464
https://www.immoweb.be/en/classified/apartment/for-sale/uccle/1180/20818462
https://www.immoweb.be/en/classified/apartment/for-sale/forest/1190/20818463
https://www.immoweb.be/en/classified/villa/for-sale/grez-doiceau/1390/20818460
https://www.immoweb.be/en/classified/villa/for-sale/wilrijk/2610/20818459
https://www.immoweb.be/en/classified/new-real-estate-project-apartments/for-sale/gent/9000/20801405
https://www.immoweb.be/en/classified/new-real-estate-project-apartments/for-sale/gent-sint-denijs-westrem/9051/20801583
https://www.immoweb.be/en/classified/new-real-estate-project-apartments/for-sale/oostakker/9041/20801535
https://www.immoweb.be/en/classified/new-real-estate-project-apartments/for-sale/uccle/1180/20803149
https://www.immoweb.be/en/classified/new-real-estate-project-houses/for-sale/neufmaison/7332/20800658
https://www.immoweb.be/en/classified/new-real-estate-project-apartments/for-sale/gent/9000/20801962
https://www.immoweb.be/en/classified/new-real-estate-project-apartments/for-sale/avelgem/8580/20802405
https://www.immoweb.be/en/classified/apartment/for-sale/schaerbeek/1030/20799799
https://www.immoweb.be/en/classified/house/for-sale/roosdaal/1760/20800499
https://www.immoweb.be/en/classified/house/for-sale/mortsel/2640/20806860
https://www.immoweb.be/en/classified/town-house/for-sale/halanzy/6792/20805495
https://www.immoweb.be/en/classified/house/for-sale/schaerbeek/1030/20806308
https://www.immoweb.be/en/classified/house/for-sale/uccle/1180/20805068
https://www.immoweb.be/en/classified/apartment/for-sale/waremme/4300/20818386
https://www.immoweb.be/en/classified/apartment/for-sale/uccle/1180/20818662
https://www.immoweb.be/en/classified/house/for-sale/grace-hollogne/4460/20818132
https://www.immoweb.be/en/classified/house/for-sale/flemalle/4400/20818046
https://www.immoweb.be/en/classified/house/for-sale/kluisbergen/9690/20817454
https://www.immoweb.be/en/classified/house/for-sale/nijlen/2560/20817558
https://www.immoweb.be/en/classified/house/for-sale/turnhout/2300/20818037
https://www.immoweb.be/en/classified/house/for-sale/broechem/2520/20817557
https://www.immoweb.be/en/classified/apartment/for-sale/merksem/2170/20810435
https://www.immoweb.be/en/classified/apartment/for-sale/deurne/2100/20810445
https://www.immoweb.be/en/classified/apartment/for-sale/hoboken/2660/20808077
https://www.immoweb.be/en/classified/apartment/for-sale/deurne/2100/20812259
https://www.immoweb.be/en/classified/apartment/for-sale/herentals/2200/20808872
https://www.immoweb.be/en/classified/apartment/for-sale/wijnegem/2110/20810440
https://www.immoweb.be/en/classified/apartment/for-sale/balen/2490/20809319
https://www.immoweb.be/en/classified/apartment/for-sale/kraainem/1950/20807892
https://www.immoweb.be/en/classified/apartment/for-sale/berchem/2600/20810982
https://www.immoweb.be/en/classified/apartment/for-sale/knokke-heist/8300/20818291
https://www.immoweb.be/en/classified/apartment-block/for-sale/mechelen/2800/20818290
https://www.immoweb.be/en/classified/apartment-block/for-sale/mechelen/2800/20818289
https://www.immoweb.be/en/classified/villa/for-sale/anzegem/8570/20818284
https://www.immoweb.be/en/classified/house/for-sale/kluisbergen/9690/20818283
https://www.immoweb.be/en/classified/house/for-sale/sint-martens-latem/9831/20818278
https://www.immoweb.be/en/classified/new-real-estate-project-apartments/for-sale/berchem-sainte-agathe/1082/20818287
https://www.immoweb.be/en/classified/new-real-estate-project-apartments/for-sale/dilbeek/1700/20818271
https://www.immoweb.be/en/classified/new-real-estate-project-apartments/for-sale/bruxelles/1000/20818263
https://www.immoweb.be/en/classified/apartment/for-sale/bruxelles/1000/20818262
https://www.immoweb.be/en/classified/apartment/for-sale/bruxelles/1000/20818260
https://www.immoweb.be/en/classified/apartment/for-sale/bruxelles/1000/20818261
https://www.immoweb.be/en/classified/apartment/for-sale/bruxelles/1000/20818258
https://www.immoweb.be/en/classified/flat-studio/for-sale/bruxelles/1000/20818259
https://www.immoweb.be/en/classified/flat-studio/for-sale/bruxelles/1000/20818257
https://www.immoweb.be/en/classified/house/for-sale/saint-nicolas/4420/20818254
https://www.immoweb.be/en/classified/mixed-use-building/for-sale/liege/4020/20818249
https://www.immoweb.be/en/classified/house/for-sale/zoersel/2980/20818248
https://www.immoweb.be/en/classified/mixed-use-building/for-sale/leuven/3000/20818247
https://www.immoweb.be/en/classified/house/for-sale/mont-saint-guibert/1435/20818246
https://www.immoweb.be/en/classified/apartment/for-sale/tienen/3300/20818242
https://www.immoweb.be/en/classified/house/for-sale/tienen/3300/20818241
https://www.immoweb.be/en/classified/villa/for-sale/sint-pieters-leeuw/1600/20818239
https://www.immoweb.be/en/classified/villa/for-sale/merksplas/2330/20818238
https://www.immoweb.be/en/classified/house/for-sale/vosselaar/2350/20818237
https://www.immoweb.be/en/classified/house/for-sale/hamme/9220/20818233
https://www.immoweb.be/en/classified/house/for-sale/liege/4000/20818232
https://www.immoweb.be/en/classified/house/for-sale/flemalle/4400/20818230
https://www.immoweb.be/en/classified/mixed-use-building/for-sale/flemalle/4400/20818229
https://www.immoweb.be/en/classified/apartment/for-sale/knokke-heist/8300/20818226
https://www.immoweb.be/en/classified/mixed-use-building/for-sale/nivelles/1400/20813307
https://www.immoweb.be/en/classified/apartment/for-sale/roeselare/8800/20778739
https://www.immoweb.be/en/classified/apartment/for-sale/gent/9000/20778469
https://www.immoweb.be/en/classified/apartment/for-sale/antwerpen-2000/2000/20779425
https://www.immoweb.be/en/classified/house/for-sale/engis/4480/20794021
https://www.immoweb.be/en/classified/villa/for-sale/bruly-de-pesche/5660/20793424
https://www.immoweb.be/en/classified/house/for-sale/roux/6044/20792439
https://www.immoweb.be/en/classified/house/for-sale/anzegem/8570/20789634
https://www.immoweb.be/en/classified/house/for-sale/booischot/2221/20792094
https://www.immoweb.be/en/classified/mixed-use-building/for-sale/bilzen/3740/20789623
https://www.immoweb.be/en/classified/mansion/for-sale/zulte/9870/20795012
https://www.immoweb.be/en/classified/house/for-sale/dilbeek/1700/20790536
https://www.immoweb.be/en/classified/house/for-sale/vilvoorde/1800/20793268
https://www.immoweb.be/en/classified/villa/for-sale/wavre/1300/20792353
https://www.immoweb.be/en/classified/house/for-sale/huizingen/1654/20792203
https://www.immoweb.be/en/classified/house/for-sale/genk/3600/20790753
https://www.immoweb.be/en/classified/villa/for-sale/elversele/9140/20793747
https://www.immoweb.be/en/classified/flat-studio/for-sale/nieuwpoort/8620/20796949
https://www.immoweb.be/en/classified/house/for-sale/grivegnee/4030/20761355
https://www.immoweb.be/en/classified/apartment/for-sale/stekene/9190/20795896
https://www.immoweb.be/en/classified/house/for-sale/zwijndrecht/2070/20760458
https://www.immoweb.be/en/classified/apartment/for-sale/woluwe-saint-lambert/1200/20793982
https://www.immoweb.be/en/classified/apartment/for-sale/schaerbeek/1030/20793197
https://www.immoweb.be/en/classified/apartment-block/for-sale/schaarbeek/1030/20697935
https://www.immoweb.be/en/classified/house/for-sale/mechelen/2800/20760439
https://www.immoweb.be/en/classified/apartment/for-sale/knokke-heist/8300/20791890
https://www.immoweb.be/en/classified/new-real-estate-project-apartments/for-sale/namur/5000/20746707
https://www.immoweb.be/en/classified/new-real-estate-project-apartments/for-sale/wetteren/9230/20746870
https://www.immoweb.be/en/classified/new-real-estate-project-apartments/for-sale/schoten/2900/20750060
https://www.immoweb.be/en/classified/ground-floor/for-sale/marcinelle/6001/20813534
https://www.immoweb.be/en/classified/house/for-sale/aalst-erembodegem/9320/20573440
https://www.immoweb.be/en/classified/ground-floor/for-sale/schaerbeek/1030/20809362
https://www.immoweb.be/en/classified/house/for-sale/perwez/1360/20809361
https://www.immoweb.be/en/classified/house/for-sale/perwez/1360/20809360
https://www.immoweb.be/en/classified/house/for-sale/monceau-sur-sambre/6031/20809358
https://www.immoweb.be/en/classified/villa/for-sale/herzele/9550/20809357
https://www.immoweb.be/en/classified/ground-floor/for-sale/bredene/8450/20709324
https://www.immoweb.be/en/classified/new-real-estate-project-apartments/for-sale/gent/9000/20809355
https://www.immoweb.be/en/classified/apartment/for-sale/geel/2440/20809356
https://www.immoweb.be/en/classified/apartment/for-sale/geel/2440/20809352
https://www.immoweb.be/en/classified/apartment/for-sale/oostende/8400/20809350
https://www.immoweb.be/en/classified/penthouse/for-sale/tervuren/3080/20809348
https://www.immoweb.be/en/classified/house/for-sale/vilvoorde/1800/20809347
https://www.immoweb.be/en/classified/house/for-sale/liege/4000/20809341
https://www.immoweb.be/en/classified/house/for-sale/chastre/1450/20809336
https://www.immoweb.be/en/classified/new-real-estate-project-apartments/for-sale/mechelen/2800/20809333
https://www.immoweb.be/en/classified/apartment/for-sale/wilrijk/2610/20809332
https://www.immoweb.be/en/classified/apartment/for-sale/mont-sur-marchienne/6032/20640040
https://www.immoweb.be/en/classified/house/for-sale/balen/2490/20809328
https://www.immoweb.be/en/classified/apartment/for-sale/mol/2400/20809327
https://www.immoweb.be/en/classified/house/for-sale/hechtel/3940/20809326
https://www.immoweb.be/en/classified/house/for-sale/balen/2490/20809324
https://www.immoweb.be/en/classified/house/for-sale/balen/2490/20809322
https://www.immoweb.be/en/classified/house/for-sale/tessenderlo-ham/3945/20809321
https://www.immoweb.be/en/classified/house/for-sale/lommel/3920/20809320
https://www.immoweb.be/en/classified/apartment/for-sale/balen/2490/20809319
https://www.immoweb.be/en/classified/house/for-sale/hamont-achel/3930/20809323
https://www.immoweb.be/en/classified/apartment/for-sale/ittre/1460/20809318
https://www.immoweb.be/en/classified/house/for-sale/ecaussinnes/7190/20809317
https://www.immoweb.be/en/classified/house/for-sale/oostende/8400/20809316
https://www.immoweb.be/en/classified/apartment/for-sale/gent/9000/20717658
https://www.immoweb.be/en/classified/ground-floor/for-sale/schaerbeek/1030/20759910
https://www.immoweb.be/en/classified/apartment/for-sale/ixelles/1050/20773185
https://www.immoweb.be/en/classified/apartment/for-sale/ixelles/1050/20545413
https://www.immoweb.be/en/classified/loft/for-sale/bruxelles/1020/20738404
https://www.immoweb.be/en/classified/duplex/for-sale/bruxelles/1050/20726765
https://www.immoweb.be/en/classified/duplex/for-sale/bruxelles/1180/20726766
https://www.immoweb.be/en/classified/apartment/for-sale/ixelles/1050/20641690
https://www.immoweb.be/en/classified/apartment/for-sale/ixelles/1050/20672260
https://www.immoweb.be/en/classified/apartment/for-sale/knokke-zoute/8300/20780347
https://www.immoweb.be/en/classified/house/for-sale/oud-turnhout/2360/20816701
https://www.immoweb.be/en/classified/country-cottage/for-sale/paal/3583/20816264
https://www.immoweb.be/en/classified/apartment/for-sale/oudenaarde/9700/20772082
https://www.immoweb.be/en/classified/house/for-sale/olne/4877/20796011
https://www.immoweb.be/en/classified/house/for-sale/oostende/8400/20797646
https://www.immoweb.be/en/classified/house/for-sale/sint-denijs-westrem/9051/20799117
https://www.immoweb.be/en/classified/apartment/for-sale/gent/9000/20799493
https://www.immoweb.be/en/classified/duplex/for-sale/reet/2840/20799495
https://www.immoweb.be/en/classified/villa/for-sale/rhode-saint-genese/1640/20809558
https://www.immoweb.be/en/classified/apartment/for-sale/brugge-sint-kruis/8310/20816752
https://www.immoweb.be/en/classified/duplex/for-sale/blankenberge/8370/20816799
https://www.immoweb.be/en/classified/apartment/for-sale/deurne/2100/20761443
https://www.immoweb.be/en/classified/mixed-use-building/for-sale/seraing/4100/20690421
https://www.immoweb.be/en/classified/penthouse/for-sale/woluwe-saint-lambert/1200/20766087
https://www.immoweb.be/en/classified/house/for-sale/bonheiden/2820/20777492
https://www.immoweb.be/en/classified/house/for-sale/libramont-chevigny/6800/20745726
https://www.immoweb.be/en/classified/villa/for-sale/uccle/1180/20769306
https://www.immoweb.be/en/classified/house/for-sale/romsee/4624/20805223
https://www.immoweb.be/en/classified/house/for-sale/bilzen/3740/20810293
https://www.immoweb.be/en/classified/house/for-sale/bouwel/2288/20810380
https://www.immoweb.be/en/classified/house/for-sale/messancy/6780/20811864
https://www.immoweb.be/en/classified/apartment/for-sale/musson/6750/20810164
https://www.immoweb.be/en/classified/house/for-sale/messancy/6780/20811866
https://www.immoweb.be/en/classified/house/for-sale/messancy/6780/20811861
https://www.immoweb.be/en/classified/house/for-sale/meerhout/2450/20811859
https://www.immoweb.be/en/classified/house/for-sale/de-panne/8660/20811847
https://www.immoweb.be/en/classified/apartment/for-sale/roeselare/8800/20811846
https://www.immoweb.be/en/classified/house/for-sale/oostrozebeke/8780/20811845
https://www.immoweb.be/en/classified/house/for-sale/awans/4340/20811844
https://www.immoweb.be/en/classified/apartment-block/for-sale/jauche/1350/20811841
https://www.immoweb.be/en/classified/house/for-sale/hasselt/3500/20811840
https://www.immoweb.be/en/classified/house/for-sale/kuurne/8520/20811828
https://www.immoweb.be/en/classified/house/for-sale/manage/7170/20811827
https://www.immoweb.be/en/classified/apartment/for-sale/ixelles/1050/20811826
https://www.immoweb.be/en/classified/house/for-sale/dour/7370/20730193
https://www.immoweb.be/en/classified/villa/for-sale/montigny-le-tilleul/6110/20811824
https://www.immoweb.be/en/classified/house/for-sale/wasmes/7340/20811823
https://www.immoweb.be/en/classified/mansion/for-sale/erquelinnes/6560/20699448
https://www.immoweb.be/en/classified/apartment/for-sale/fleurus/6220/20811822
https://www.immoweb.be/en/classified/house/for-sale/la-louviere/7100/20811820
https://www.immoweb.be/en/classified/house/for-sale/koekelberg/1081/20811819
https://www.immoweb.be/en/classified/house/for-sale/houdeng-aimeries/7110/20811817
https://www.immoweb.be/en/classified/house/for-sale/zaventem/1930/20653763
https://www.immoweb.be/en/classified/apartment/for-sale/eksel-hechtel-eksel/3941/20811814
https://www.immoweb.be/en/classified/apartment/for-sale/sint-pauwels/9170/20811813
https://www.immoweb.be/en/classified/ground-floor/for-sale/sint-pauwels/9170/20811815
https://www.immoweb.be/en/classified/apartment/for-sale/sint-pauwels/9170/20811812
https://www.immoweb.be/en/classified/apartment/for-sale/liege/4020/20811811
https://www.immoweb.be/en/classified/house/for-sale/binche/7130/20660306
https://www.immoweb.be/en/classified/apartment/for-sale/saint-trond/3800/20811808
https://www.immoweb.be/en/classified/duplex/for-sale/bruxelles/1000/20736702
https://www.immoweb.be/en/classified/duplex/for-sale/bruxelles/1000/20736706
https://www.immoweb.be/en/classified/ground-floor/for-sale/woluwe-saint-pierre/1150/20765139
https://www.immoweb.be/en/classified/apartment/for-sale/middelkerke/8430/20799112
https://www.immoweb.be/en/classified/apartment/for-sale/oostende/8400/20798907
https://www.immoweb.be/en/classified/penthouse/for-sale/oostende/8400/20798499
https://www.immoweb.be/en/classified/penthouse/for-sale/oostende/8400/20798384
https://www.immoweb.be/en/classified/house/for-sale/dilbeek/1702/20813084
https://www.immoweb.be/en/classified/house/for-sale/yves-gomezee/5650/20814937
https://www.immoweb.be/en/classified/house/for-sale/beringen/3580/20814679
https://www.immoweb.be/en/classified/house/for-sale/sint-lievens-houtem/9520/20813073
https://www.immoweb.be/en/classified/house/for-sale/weris/6940/20814082
https://www.immoweb.be/en/classified/house/for-sale/hasselt/3500/20814286
https://www.immoweb.be/en/classified/house/for-sale/oelegem/2520/20794670
https://www.immoweb.be/en/classified/apartment-block/for-sale/liege/4000/20794645
https://www.immoweb.be/en/classified/house/for-sale/knokke-zoute/8300/20789009
https://www.immoweb.be/en/classified/house/for-sale/etterbeek/1040/20792133
https://www.immoweb.be/en/classified/apartment/for-sale/oudenaarde/9700/20815831
https://www.immoweb.be/en/classified/apartment/for-sale/bruxelles/1050/20816230
https://www.immoweb.be/en/classified/ground-floor/for-sale/machelen/1830/20650747
https://www.immoweb.be/en/classified/duplex/for-sale/uccle/1180/20750042
https://www.immoweb.be/en/classified/apartment/for-sale/wezembeek-oppem/1970/20744148
https://www.immoweb.be/en/classified/apartment/for-sale/schaerbeek/1030/20789910
https://www.immoweb.be/en/classified/apartment/for-sale/brussels/1000/20785035
https://www.immoweb.be/en/classified/apartment/for-sale/ixelles/1050/20785552
https://www.immoweb.be/en/classified/house/for-sale/bissegem/8501/20804370
https://www.immoweb.be/en/classified/mixed-use-building/for-sale/herzele/9550/20800183
https://www.immoweb.be/en/classified/house/for-sale/herenthout/2270/20804271
https://www.immoweb.be/en/classified/house/for-sale/turnhout/2300/20803074
https://www.immoweb.be/en/classified/house/for-sale/ronquieres/7090/20804342
https://www.immoweb.be/en/classified/house/for-sale/weris/6940/20814082
https://www.immoweb.be/en/classified/apartment/for-sale/zandhoven/2240/20814076
https://www.immoweb.be/en/classified/new-real-estate-project-apartments/for-sale/zandhoven/2240/20814073
https://www.immoweb.be/en/classified/apartment/for-sale/zandhoven/2240/20814075
https://www.immoweb.be/en/classified/penthouse/for-sale/zandhoven/2240/20814080
https://www.immoweb.be/en/classified/apartment/for-sale/zandhoven/2240/20814071
https://www.immoweb.be/en/classified/apartment/for-sale/zandhoven/2240/20814072
https://www.immoweb.be/en/classified/house/for-sale/mont-saint-aubert/7542/20814070
https://www.immoweb.be/en/classified/apartment/for-sale/sint-jans-molenbeek/1080/20814067
https://www.immoweb.be/en/classified/house/for-sale/assesse/5330/20729370
https://www.immoweb.be/en/classified/house/for-sale/crisnee/4367/20814066
https://www.immoweb.be/en/classified/house/for-sale/deurne/2100/20814065
https://www.immoweb.be/en/classified/apartment-block/for-sale/antwerpen/2018/20814064
https://www.immoweb.be/en/classified/house/for-sale/sterrebeek/1933/20814059
https://www.immoweb.be/en/classified/apartment/for-sale/kapellen/2950/20814058
https://www.immoweb.be/en/classified/flat-studio/for-sale/kapellen/2950/20814057
https://www.immoweb.be/en/classified/apartment/for-sale/antwerpen/2018/20814055
https://www.immoweb.be/en/classified/apartment/for-sale/schaerbeek/1030/20814054
https://www.immoweb.be/en/classified/apartment/for-sale/tervuren/3080/20814047
https://www.immoweb.be/en/classified/villa/for-sale/overijse/3090/20814045
https://www.immoweb.be/en/classified/apartment/for-sale/antwerpen/2000/20814041
https://www.immoweb.be/en/classified/apartment/for-sale/mortsel/2640/20814040
https://www.immoweb.be/en/classified/duplex/for-sale/edegem/2650/20814039
https://www.immoweb.be/en/classified/bungalow/for-sale/pulle/2243/20814038
https://www.immoweb.be/en/classified/house/for-sale/edegem/2650/20814035
https://www.immoweb.be/en/classified/bungalow/for-sale/sterrebeek/1933/20814033
https://www.immoweb.be/en/classified/house/for-sale/sterrebeek/1933/20814032
https://www.immoweb.be/en/classified/house/for-sale/genk/3600/20814031
https://www.immoweb.be/en/classified/villa/for-sale/tervuren/3080/20814028
https://www.immoweb.be/en/classified/house/for-sale/heestert/8551/20814027
https://www.immoweb.be/en/classified/apartment/for-sale/saint-josse-ten-noode/1210/20712144
https://www.immoweb.be/en/classified/apartment/for-sale/saint-josse-ten-noode/1210/20712143
https://www.immoweb.be/en/classified/apartment/for-sale/aarlen/6700/20742496
https://www.immoweb.be/en/classified/apartment/for-sale/geel/2440/20781278
https://www.immoweb.be/en/classified/flat-studio/for-sale/auderghem/1160/20752106
https://www.immoweb.be/en/classified/apartment/for-sale/uccle/1180/20779243
https://www.immoweb.be/en/classified/apartment/for-sale/molenbeek-saint-jean/1080/20692999
https://www.immoweb.be/en/classified/apartment/for-sale/uccle/1180/20759485
https://www.immoweb.be/en/classified/apartment/for-sale/woluwe-saint-lambert/1200/20760792
https://www.immoweb.be/en/classified/apartment/for-sale/anderlecht/1070/20706125
https://www.immoweb.be/en/classified/apartment/for-sale/machelen/1830/20713980
https://www.immoweb.be/en/classified/apartment/for-sale/bruxelles/1000/20740276
https://www.immoweb.be/en/classified/penthouse/for-sale/ixelles/1050/20671111
https://www.immoweb.be/en/classified/duplex/for-sale/londerzeel/1840/20655941
https://www.immoweb.be/en/classified/apartment/for-sale/saint-gilles/1060/20719618
https://www.immoweb.be/en/classified/apartment/for-sale/etterbeek/1040/20667522
https://www.immoweb.be/en/classified/apartment/for-sale/uccle/1180/20730423
https://www.immoweb.be/en/classified/apartment/for-sale/woluwe-saint-lambert/1200/20683029
https://www.immoweb.be/en/classified/duplex/for-sale/saint-gilles/1060/20777491
https://www.immoweb.be/en/classified/apartment/for-sale/ixelles/1050/20577825
https://www.immoweb.be/en/classified/duplex/for-sale/schaerbeek/1030/20775766
https://www.immoweb.be/en/classified/ground-floor/for-sale/ixelles/1050/20574199
https://www.immoweb.be/en/classified/apartment/for-sale/ixelles/1050/20575441
https://www.immoweb.be/en/classified/ground-floor/for-sale/ixelles/1050/20596588
https://www.immoweb.be/en/classified/penthouse/for-sale/ixelles/1050/20574159
https://www.immoweb.be/en/classified/penthouse/for-sale/ixelles/1050/20547948
https://www.immoweb.be/en/classified/apartment/for-sale/oostende/8400/20799607
https://www.immoweb.be/en/classified/house/for-sale/ans/4430/20801717
https://www.immoweb.be/en/classified/house/for-sale/huy/4500/20801716
https://www.immoweb.be/en/classified/house/for-sale/retie/2470/20803664
https://www.immoweb.be/en/classified/apartment/for-sale/melle/9090/20813090
https://www.immoweb.be/en/classified/apartment/for-sale/aalst/9300/20813086
https://www.immoweb.be/en/classified/apartment/for-sale/uccle/1180/20813085
https://www.immoweb.be/en/classified/house/for-sale/dilbeek/1702/20813084
https://www.immoweb.be/en/classified/apartment/for-sale/bruxelles/1000/20813082
https://www.immoweb.be/en/classified/house/for-sale/theux/4910/20813081
https://www.immoweb.be/en/classified/penthouse/for-sale/uccle/1180/20791103
https://www.immoweb.be/en/classified/flat-studio/for-sale/etterbeek/1040/20813079
https://www.immoweb.be/en/classified/apartment/for-sale/beringen/3580/20813078
https://www.immoweb.be/en/classified/house/for-sale/beringen/3581/20813076
https://www.immoweb.be/en/classified/villa/for-sale/wavre/1300/20813075
https://www.immoweb.be/en/classified/villa/for-sale/wavre/1300/20813074
https://www.immoweb.be/en/classified/house/for-sale/sint-lievens-houtem/9520/20813073
https://www.immoweb.be/en/classified/house/for-sale/galmaarden/1570/20813072
https://www.immoweb.be/en/classified/house/for-sale/putte-beerzel/2580/20813067
https://www.immoweb.be/en/classified/house/for-sale/grobbendonk/2288/20813065
https://www.immoweb.be/en/classified/apartment/for-sale/tournai/7500/20813058
https://www.immoweb.be/en/classified/new-real-estate-project-houses/for-sale/lede/9340/20813055
https://www.immoweb.be/en/classified/apartment/for-sale/lede/9340/20813056
https://www.immoweb.be/en/classified/apartment/for-sale/lede/9340/20813057
https://www.immoweb.be/en/classified/apartment/for-sale/turnhout/2300/20813054
https://www.immoweb.be/en/classified/apartment/for-sale/bruxelles/1000/20813053
https://www.immoweb.be/en/classified/duplex/for-sale/essen/2910/20813052
https://www.immoweb.be/en/classified/house/for-sale/hoegaarden/3320/20813048
https://www.immoweb.be/en/classified/exceptional-property/for-sale/melin/1370/20813047
https://www.immoweb.be/en/classified/house/for-sale/oosterzele/9860/20813040
https://www.immoweb.be/en/classified/house/for-sale/zottegem/9620/20813041
https://www.immoweb.be/en/classified/house/for-sale/oosterzele/9860/20813038
https://www.immoweb.be/en/classified/manor-house/for-sale/hamont/3930/20813030
https://www.immoweb.be/en/classified/bungalow/for-sale/ternat/1740/20813028
https://www.immoweb.be/en/classified/exceptional-property/for-sale/antwerpen/2018/20808770
https://www.immoweb.be/en/classified/house/for-sale/lasne/1380/20812161
https://www.immoweb.be/en/classified/apartment/for-sale/sint-niklaas/9100/20702442
https://www.immoweb.be/en/classified/apartment/for-sale/turnhout/2300/20464054
https://www.immoweb.be/en/classified/flat-studio/for-sale/borgerhout/2140/20483114
https://www.immoweb.be/en/classified/apartment/for-sale/herstal/4040/20687802
https://www.immoweb.be/en/classified/apartment/for-sale/berchem/2600/20727599
https://www.immoweb.be/en/classified/apartment/for-sale/borgerhout/2140/20483115
https://www.immoweb.be/en/classified/apartment/for-sale/duffel/2570/20671082
https://www.immoweb.be/en/classified/apartment/for-sale/turnhout/2300/20643164
https://www.immoweb.be/en/classified/apartment/for-sale/borgerhout/2140/20742610
https://www.immoweb.be/en/classified/apartment/for-sale/borgerhout/2140/20700725
https://www.immoweb.be/en/classified/service-flat/for-sale/vosselaar/2350/20608756
https://www.immoweb.be/en/classified/apartment/for-sale/molenbeek-saint-jean/1080/20519813
https://www.immoweb.be/en/classified/apartment/for-sale/deurne/2100/20742787
https://www.immoweb.be/en/classified/service-flat/for-sale/kontich/2550/20719100
https://www.immoweb.be/en/classified/apartment/for-sale/berchem/2600/20670779
https://www.immoweb.be/en/classified/apartment/for-sale/sint-truiden/3800/20571303
https://www.immoweb.be/en/classified/apartment/for-sale/grez-doiceau/1390/20702514
https://www.immoweb.be/en/classified/apartment/for-sale/deurne/2100/20688923
https://www.immoweb.be/en/classified/apartment/for-sale/berchem/2600/20743868
https://www.immoweb.be/en/classified/ground-floor/for-sale/hoboken/2660/20674139
https://www.immoweb.be/en/classified/apartment/for-sale/puurs/2870/20713455
https://www.immoweb.be/en/classified/apartment/for-sale/berchem-sainte-agathe/1082/10419257
https://www.immoweb.be/en/classified/house/for-sale/izegem/8870/20790046
https://www.immoweb.be/en/classified/apartment/for-sale/grez-doiceau/1390/20677073
https://www.immoweb.be/en/classified/apartment/for-sale/wavre/1300/20522368
https://www.immoweb.be/en/classified/apartment/for-sale/zwijnaarde/9052/20725281
https://www.immoweb.be/en/classified/apartment/for-sale/deurne/2100/20590633
https://www.immoweb.be/en/classified/ground-floor/for-sale/wilrijk/2610/20737836
https://www.immoweb.be/en/classified/villa/for-sale/oudenaarde/9700/20807931
https://www.immoweb.be/en/classified/apartment/for-sale/athus/6791/20800885
https://www.immoweb.be/en/classified/duplex/for-sale/athus/6791/20801239
https://www.immoweb.be/en/classified/apartment/for-sale/anderlecht/1070/20807923
https://www.immoweb.be/en/classified/apartment/for-sale/athus/6791/20801238
https://www.immoweb.be/en/classified/ground-floor/for-sale/aubange/6790/20800886
https://www.immoweb.be/en/classified/ground-floor/for-sale/athus/6791/20800887
https://www.immoweb.be/en/classified/apartment/for-sale/aubange/6790/20800884
https://www.immoweb.be/en/classified/house/for-sale/erezee/6997/20719738
https://www.immoweb.be/en/classified/apartment/for-sale/bruxelles/1000/20807916
https://www.immoweb.be/en/classified/apartment/for-sale/laeken/1020/20807915
https://www.immoweb.be/en/classified/villa/for-sale/lier/2500/20807914
https://www.immoweb.be/en/classified/apartment/for-sale/lier/2500/20807903
https://www.immoweb.be/en/classified/house/for-sale/laeken/1020/20807902
https://www.immoweb.be/en/classified/house/for-sale/hoboken/2660/20807901
https://www.immoweb.be/en/classified/house/for-sale/heusden-zolder/3550/20807896
https://www.immoweb.be/en/classified/house/for-sale/holsbeek/3220/20807895
https://www.immoweb.be/en/classified/villa/for-sale/roeselare/8800/20807894
https://www.immoweb.be/en/classified/house/for-sale/heule/8501/20807893
https://www.immoweb.be/en/classified/apartment/for-sale/kraainem/1950/20807892
https://www.immoweb.be/en/classified/villa/for-sale/wezembeek-oppem/1970/20807891
https://www.immoweb.be/en/classified/apartment/for-sale/sint-genesius-rode/1640/20807888
https://www.immoweb.be/en/classified/house/for-sale/uccle/1180/20807887
https://www.immoweb.be/en/classified/apartment/for-sale/ganshoren/1083/20807886
https://www.immoweb.be/en/classified/apartment/for-sale/antwerpen/2170/20807885
https://www.immoweb.be/en/classified/house/for-sale/ieper/8900/20807884
https://www.immoweb.be/en/classified/apartment/for-sale/lier/2500/20807877
https://www.immoweb.be/en/classified/apartment/for-sale/haacht/3150/20807873
https://www.immoweb.be/en/classified/house/for-sale/schriek/2223/20807872
https://www.immoweb.be/en/classified/house/for-sale/lier/2500/20807871
https://www.immoweb.be/en/classified/house/for-sale/evere/1140/20699835
https://www.immoweb.be/en/classified/house/for-sale/tenneville/6970/20667869
https://www.immoweb.be/en/classified/house/for-sale/anderlecht/1070/20719115
https://www.immoweb.be/en/classified/house/for-sale/molenbeek-saint-jean/1080/20757652
https://www.immoweb.be/en/classified/house/for-sale/dilbeek/1700/20719114
https://www.immoweb.be/en/classified/mixed-use-building/for-sale/flemalle/4400/20685836
https://www.immoweb.be/en/classified/house/for-sale/gedinne-vencimont/5575/20740400
https://www.immoweb.be/en/classified/house/for-sale/gedinne/5575/20760931
https://www.immoweb.be/en/classified/villa/for-sale/denderleeuw/9470/20756508
https://www.immoweb.be/en/classified/villa/for-sale/dilbeek/1700/20625198
https://www.immoweb.be/en/classified/house/for-sale/ganshoren/1083/20774478
https://www.immoweb.be/en/classified/house/for-sale/overijse/3090/20653750
https://www.immoweb.be/en/classified/house/for-sale/watermael-boitsfort/1170/20725845
https://www.immoweb.be/en/classified/house/for-sale/woluwe-saint-pierre/1150/20746787
https://www.immoweb.be/en/classified/house/for-sale/woluwe-saint-lambert/1200/20627123
https://www.immoweb.be/en/classified/mansion/for-sale/forest/1190/20622550
https://www.immoweb.be/en/classified/house/for-sale/la-roche-en-ardenne/6980/20723232
https://www.immoweb.be/en/classified/villa/for-sale/wezembeek-oppem/1970/20766913
https://www.immoweb.be/en/classified/house/for-sale/ixelles/1050/20690234
https://www.immoweb.be/en/classified/house/for-sale/tervueren/3080/20757094
https://www.immoweb.be/en/classified/house/for-sale/uccle/1180/20720486
https://www.immoweb.be/en/classified/villa/for-sale/sint-genesius-rode/1640/20767279
https://www.immoweb.be/en/classified/house/for-sale/uccle/1180/20707656
https://www.immoweb.be/en/classified/villa/for-sale/uccle/1180/20744237
https://www.immoweb.be/en/classified/new-real-estate-project-apartments/for-sale/wavre/1300/20816047
https://www.immoweb.be/en/classified/new-real-estate-project-apartments/for-sale/liege/4020/20814444
https://www.immoweb.be/en/classified/kot/for-sale/heverlee/3001/20799497
https://www.immoweb.be/en/classified/house/for-sale/meerdonk/9170/20769553
https://www.immoweb.be/en/classified/house/for-sale/tielt-winge/3390/20796933
https://www.immoweb.be/en/classified/house/for-sale/knokke-heist/8300/20809767
https://www.immoweb.be/en/classified/service-flat/for-sale/sint-niklaas/9100/20721751
https://www.immoweb.be/en/classified/mixed-use-building/for-sale/bruxelles/1000/20811469
https://www.immoweb.be/en/classified/new-real-estate-project-apartments/for-sale/herent/3020/20811461
https://www.immoweb.be/en/classified/apartment/for-sale/antwerpen/2018/20811460
https://www.immoweb.be/en/classified/apartment/for-sale/schaerbeek/1030/20811456
https://www.immoweb.be/en/classified/apartment/for-sale/ottignies-louvain-la-neuve/1340/20811455
https://www.immoweb.be/en/classified/house/for-sale/machelen-diegem/1831/20811454
https://www.immoweb.be/en/classified/ground-floor/for-sale/schaerbeek/1030/20811452
https://www.immoweb.be/en/classified/house/for-sale/geraardsbergen/9500/20811451
https://www.immoweb.be/en/classified/apartment/for-sale/schaerbeek/1030/20811448
https://www.immoweb.be/en/classified/apartment/for-sale/schaerbeek/1030/20811447
https://www.immoweb.be/en/classified/apartment/for-sale/schaerbeek/1030/20811446
https://www.immoweb.be/en/classified/triplex/for-sale/schaerbeek/1030/20811444
https://www.immoweb.be/en/classified/house/for-sale/aalst/9300/20811443
https://www.immoweb.be/en/classified/house/for-sale/aalst-gijzegem/9308/20811442
https://www.immoweb.be/en/classified/apartment/for-sale/merksem/2170/20811438
https://www.immoweb.be/en/classified/house/for-sale/geluveld/8980/20811433
https://www.immoweb.be/en/classified/villa/for-sale/lasne/1380/20811432
https://www.immoweb.be/en/classified/apartment/for-sale/mouscron/7700/20811431
https://www.immoweb.be/en/classified/house/for-sale/forchies-la-marche/6141/20811352
https://www.immoweb.be/en/classified/apartment/for-sale/ixelles/1050/20811349
https://www.immoweb.be/en/classified/apartment/for-sale/fontaine-leveque/6140/20811345
https://www.immoweb.be/en/classified/apartment/for-sale/braine-le-comte/7090/20811339
https://www.immoweb.be/en/classified/ground-floor/for-sale/lokeren/9160/20811337
https://www.immoweb.be/en/classified/apartment/for-sale/berchem/2600/20811336
https://www.immoweb.be/en/classified/house/for-sale/erquelinnes/6560/20811335
https://www.immoweb.be/en/classified/flat-studio/for-sale/gent/9000/20811332
https://www.immoweb.be/en/classified/house/for-sale/westende/8434/20811329
https://www.immoweb.be/en/classified/house/for-sale/westende/8434/20811328
https://www.immoweb.be/en/classified/house/for-sale/asper/9890/20811324
https://www.immoweb.be/en/classified/town-house/for-sale/watermael-boitsfort/1170/20786139
https://www.immoweb.be/en/classified/apartment/for-sale/sint-niklaas/9100/20776911
https://www.immoweb.be/en/classified/apartment/for-sale/blankenberge/8370/20769185
https://www.immoweb.be/en/classified/apartment/for-sale/uccle/1180/20735866
https://www.immoweb.be/en/classified/apartment/for-sale/bruxelles/1020/20693525
https://www.immoweb.be/en/classified/apartment/for-sale/schaerbeek/1030/20815797
https://www.immoweb.be/en/classified/apartment/for-sale/uccle/1180/20651195
https://www.immoweb.be/en/classified/house/for-sale/mechelen/2800/20800787
https://www.immoweb.be/en/classified/house/for-sale/rumst/2840/20800763
https://www.immoweb.be/en/classified/house/for-sale/niel/2845/20800775
https://www.immoweb.be/en/classified/house/for-sale/duffel/2570/20800755
https://www.immoweb.be/en/classified/mixed-use-building/for-sale/seraing/4100/20719193
https://www.immoweb.be/en/classified/house/for-sale/bressoux/4020/20572178
https://www.immoweb.be/en/classified/house/for-sale/liege/4020/20777539
https://www.immoweb.be/en/classified/mixed-use-building/for-sale/seraing/4100/20765825
https://www.immoweb.be/en/classified/house/for-sale/herstal/4040/20773156
https://www.immoweb.be/en/classified/villa/for-sale/liege/4020/20735201
https://www.immoweb.be/en/classified/house/for-sale/fourons/3790/20652022
https://www.immoweb.be/en/classified/house/for-sale/rochefort/5580/20630098
https://www.immoweb.be/en/classified/house/for-sale/herstal/4040/20652024
https://www.immoweb.be/en/classified/house/for-sale/yvoir/5530/20736348
https://www.immoweb.be/en/classified/house/for-sale/aywaille/4920/20754436
https://www.immoweb.be/en/classified/house/for-sale/beyne-heusay/4610/20771776
https://www.immoweb.be/en/classified/apartment-block/for-sale/huy/4500/20746094
https://www.immoweb.be/en/classified/house/for-sale/blegny/4670/20765828
https://www.immoweb.be/en/classified/exceptional-property/for-sale/dinant/5500/20730831
https://www.immoweb.be/en/classified/house/for-sale/gedinne/5575/20672402
https://www.immoweb.be/en/classified/house/for-sale/gent/9000/20725144
https://www.immoweb.be/en/classified/bungalow/for-sale/rixensart/1330/20634848
https://www.immoweb.be/en/classified/house/for-sale/limelette/1342/20772567
https://www.immoweb.be/en/classified/house/for-sale/mechelen/2800/20272284
https://www.immoweb.be/en/classified/house/for-sale/mechelen/2800/20276561
https://www.immoweb.be/en/classified/villa/for-sale/grez-doiceau/1390/20812297
https://www.immoweb.be/en/classified/house/for-sale/chaumont-gistoux/1325/20812296
https://www.immoweb.be/en/classified/house/for-sale/wetteren/9230/20812291
https://www.immoweb.be/en/classified/house/for-sale/wondelgem/9032/20812290
https://www.immoweb.be/en/classified/house/for-sale/wetteren/9230/20812289
https://www.immoweb.be/en/classified/apartment/for-sale/wondelgem/9032/20812288
https://www.immoweb.be/en/classified/house/for-sale/wondelgem/9032/20812287
https://www.immoweb.be/en/classified/house/for-sale/wondelgem/9032/20812286
https://www.immoweb.be/en/classified/house/for-sale/wondelgem/9032/20812285
https://www.immoweb.be/en/classified/house/for-sale/corbais/1435/20812284
https://www.immoweb.be/en/classified/apartment/for-sale/herve/4651/20812282
https://www.immoweb.be/en/classified/house/for-sale/sint-gillis-waas-de-klinge/9170/20812281
https://www.immoweb.be/en/classified/house/for-sale/aartselaar/2630/20812280
https://www.immoweb.be/en/classified/house/for-sale/beveren-kruibeke-zwijndrecht/2070/20812279
https://www.immoweb.be/en/classified/apartment/for-sale/leuven/3000/20812277
https://www.immoweb.be/en/classified/house/for-sale/sint-katelijne-waver/2860/20812278
https://www.immoweb.be/en/classified/apartment-block/for-sale/wetteren/9230/20812276
https://www.immoweb.be/en/classified/apartment/for-sale/wetteren/9230/20723568
https://www.immoweb.be/en/classified/house/for-sale/wetteren/9230/20812275
https://www.immoweb.be/en/classified/apartment/for-sale/gent/9000/20812274
https://www.immoweb.be/en/classified/mixed-use-building/for-sale/kapellen/2950/20812273
https://www.immoweb.be/en/classified/house/for-sale/boom/2850/20703781
https://www.immoweb.be/en/classified/house/for-sale/gentbrugge/9050/20812267
https://www.immoweb.be/en/classified/house/for-sale/evergem/9940/20812268
https://www.immoweb.be/en/classified/house/for-sale/lauw/3700/20812262
https://www.immoweb.be/en/classified/apartment/for-sale/westerlo/2260/20812261
https://www.immoweb.be/en/classified/apartment/for-sale/deurne/2100/20812259
https://www.immoweb.be/en/classified/apartment/for-sale/wetteren/9230/20723566
https://www.immoweb.be/en/classified/house/for-sale/liege-chenee/4032/20806418
https://www.immoweb.be/en/classified/house/for-sale/bredene/8450/20810234
https://www.immoweb.be/en/classified/house/for-sale/putte/2580/20807862
https://www.immoweb.be/en/classified/house/for-sale/putte/2580/20807864
https://www.immoweb.be/en/classified/house/for-sale/pont-a-celles/6230/20810173
https://www.immoweb.be/en/classified/house/for-sale/leuven/3000/20806255
https://www.immoweb.be/en/classified/house/for-sale/edegem/2650/20809285
https://www.immoweb.be/en/classified/house/for-sale/bonlez/1325/20809514
https://www.immoweb.be/en/classified/house/for-sale/sint-niklaas/9100/20806721
https://www.immoweb.be/en/classified/house/for-sale/elzele/7890/20807637
https://www.immoweb.be/en/classified/house/for-sale/arlon/6700/20791398
https://www.immoweb.be/en/classified/villa/for-sale/geraardsbergen/9500/20785124
https://www.immoweb.be/en/classified/house/for-sale/merelbeke-melle/9820/20791011
https://www.immoweb.be/en/classified/mansion/for-sale/vise/4600/20790542
https://www.immoweb.be/en/classified/house/for-sale/sint-katelijne-waver/2860/20788820
https://www.immoweb.be/en/classified/house/for-sale/putte/2580/20791570
https://www.immoweb.be/en/classified/country-cottage/for-sale/opwijk/1745/20790851
https://www.immoweb.be/en/classified/house/for-sale/knokke-heist/8300/20788083
https://www.immoweb.be/en/classified/flat-studio/for-sale/oostende/8400/20797639
https://www.immoweb.be/en/classified/apartment/for-sale/neder-over-heembeek/1120/20796523
https://www.immoweb.be/en/classified/apartment/for-sale/oostende/8400/20796133
https://www.immoweb.be/en/classified/duplex/for-sale/hoogstraten/2320/20799427
https://www.immoweb.be/en/classified/apartment/for-sale/gent/9000/20795236
https://www.immoweb.be/en/classified/new-real-estate-project-houses/for-sale/lede/9340/20799589
https://www.immoweb.be/en/classified/new-real-estate-project-apartments/for-sale/gent/9000/20799586
https://www.immoweb.be/en/classified/apartment/for-sale/gent/9000/20816285
https://www.immoweb.be/en/classified/penthouse/for-sale/braine-lalleud/1420/20816423
https://www.immoweb.be/en/classified/penthouse/for-sale/braine-lalleud/1420/20816424
https://www.immoweb.be/en/classified/apartment/for-sale/ans/4430/20814084
https://www.immoweb.be/en/classified/apartment/for-sale/deurne/2100/20813989
https://www.immoweb.be/en/classified/house/for-sale/andenne/5300/20810211
https://www.immoweb.be/en/classified/apartment/for-sale/sint-amands/2890/20812891
https://www.immoweb.be/en/classified/apartment/for-sale/koksijde/8670/20535691
https://www.immoweb.be/en/classified/house/for-sale/halle/1500/20524628
https://www.immoweb.be/en/classified/house/for-sale/sint-niklaas/9100/20812886
https://www.immoweb.be/en/classified/apartment/for-sale/izegem/8870/20812881
https://www.immoweb.be/en/classified/ground-floor/for-sale/auderghem/1160/20812880
https://www.immoweb.be/en/classified/house/for-sale/mons/7000/20812879
https://www.immoweb.be/en/classified/house/for-sale/zottegem/9620/20812878
https://www.immoweb.be/en/classified/house/for-sale/jumet/6040/20812874
https://www.immoweb.be/en/classified/duplex/for-sale/antwerpen-wilrijk/2610/20812873
https://www.immoweb.be/en/classified/apartment/for-sale/gent/9000/20812869
https://www.immoweb.be/en/classified/apartment/for-sale/koksijde/8670/20812867
https://www.immoweb.be/en/classified/house/for-sale/sambreville/5060/20812865
https://www.immoweb.be/en/classified/loft/for-sale/anderlecht/1070/20812864
https://www.immoweb.be/en/classified/house/for-sale/berlare/9290/20812862
https://www.immoweb.be/en/classified/house/for-sale/brugge/8000/20812861
https://www.immoweb.be/en/classified/house/for-sale/schoten/2900/20812857
https://www.immoweb.be/en/classified/apartment/for-sale/middelkerke/8430/20812855
https://www.immoweb.be/en/classified/house/for-sale/tongeren-borgloon/3700/20812854
https://www.immoweb.be/en/classified/apartment/for-sale/ranst/2520/20812853
https://www.immoweb.be/en/classified/house/for-sale/aalst/9300/20812852
https://www.immoweb.be/en/classified/house/for-sale/erpe-mere/9420/20812851
https://www.immoweb.be/en/classified/apartment/for-sale/oostende/8400/20812850
https://www.immoweb.be/en/classified/apartment/for-sale/antwerpen-2020/2020/20812847
https://www.immoweb.be/en/classified/house/for-sale/berlare/9290/20812846
https://www.immoweb.be/en/classified/house/for-sale/messancy/6782/20812845
https://www.immoweb.be/en/classified/house/for-sale/mouscron/7700/20812844
https://www.immoweb.be/en/classified/house/for-sale/neder-over-heembeek/1120/20812843
https://www.immoweb.be/en/classified/house/for-sale/verviers/4800/20812840
https://www.immoweb.be/en/classified/house/for-sale/brugge-sint-michiels/8200/20816741
https://www.immoweb.be/en/classified/new-real-estate-project-apartments/for-sale/groot-bijgaarden/1702/20744011
https://www.immoweb.be/en/classified/new-real-estate-project-houses/for-sale/ichtegem/8480/20751730
https://www.immoweb.be/en/classified/new-real-estate-project-houses/for-sale/perwez/1360/20755475
https://www.immoweb.be/en/classified/new-real-estate-project-houses/for-sale/mariakerke/9030/20753628
https://www.immoweb.be/en/classified/apartment/for-sale/brussels/1000/20768456
https://www.immoweb.be/en/classified/apartment/for-sale/uccle/1180/20157854
https://www.immoweb.be/en/classified/apartment/for-sale/uccle/1180/20567687
https://www.immoweb.be/en/classified/house/for-sale/mons/7000/20817775
https://www.immoweb.be/en/classified/house/for-sale/berchem/2600/20817395
https://www.immoweb.be/en/classified/house/for-sale/sint-katelijne-waver/2860/20817738
https://www.immoweb.be/en/classified/house/for-sale/kortrijk/8500/20818079
https://www.immoweb.be/en/classified/house/for-sale/de-haan/8420/20818334
https://www.immoweb.be/en/classified/house/for-sale/sint-martens-latem/9831/20818278
https://www.immoweb.be/en/classified/villa/for-sale/waterloo/1410/20711016
https://www.immoweb.be/en/classified/apartment/for-sale/berchem-sainte-agathe/1082/20763713
https://www.immoweb.be/en/classified/house/for-sale/villers-leveque-awans/4340/20799910
https://www.immoweb.be/en/classified/penthouse/for-sale/aalst-9300/9300/20761753
https://www.immoweb.be/en/classified/house/for-sale/brugge-assebroek/8310/20798900
https://www.immoweb.be/en/classified/apartment/for-sale/oostende/8400/20778111
https://www.immoweb.be/en/classified/apartment/for-sale/koekelberg/1081/20589080
https://www.immoweb.be/en/classified/duplex/for-sale/aarschot/3140/20779893
https://www.immoweb.be/en/classified/apartment/for-sale/antwerpen/2060/20780145
https://www.immoweb.be/en/classified/apartment/for-sale/knokke-heist/8300/20779023
https://www.immoweb.be/en/classified/apartment/for-sale/wemmel/1780/20793726
https://www.immoweb.be/en/classified/apartment/for-sale/schaerbeek/1030/20793353
https://www.immoweb.be/en/classified/house/for-sale/denderwindeke/9400/20776385
https://www.immoweb.be/en/classified/house/for-sale/mechelen/2800/20773865
https://www.immoweb.be/en/classified/country-cottage/for-sale/habay/6724/20776519
https://www.immoweb.be/en/classified/house/for-sale/les-bons-villers/6210/20813789
https://www.immoweb.be/en/classified/house/for-sale/mouscron/7700/20810376
https://www.immoweb.be/en/classified/apartment/for-sale/schaerbeek/1030/20810375
https://www.immoweb.be/en/classified/villa/for-sale/rixensart/1330/20810373
https://www.immoweb.be/en/classified/house/for-sale/gembloux/5030/20810372
https://www.immoweb.be/en/classified/chalet/for-sale/gierle/2275/20810369
https://www.immoweb.be/en/classified/apartment/for-sale/ganshoren/1083/20530501
https://www.immoweb.be/en/classified/villa/for-sale/oostduinkerke/8670/20810361
https://www.immoweb.be/en/classified/villa/for-sale/gierle/2275/20810360
https://www.immoweb.be/en/classified/apartment/for-sale/oostende/8400/20810359
https://www.immoweb.be/en/classified/apartment/for-sale/bruxelles/1000/20810356
https://www.immoweb.be/en/classified/house/for-sale/kuurne/8520/20612144
https://www.immoweb.be/en/classified/house/for-sale/oostduinkerke/8670/20810354
https://www.immoweb.be/en/classified/house/for-sale/anderlecht/1070/20729518
https://www.immoweb.be/en/classified/house/for-sale/moerbeke-waas/9180/20810352
https://www.immoweb.be/en/classified/apartment/for-sale/berchem/2600/20810351
https://www.immoweb.be/en/classified/apartment/for-sale/berchem/2600/20810350
https://www.immoweb.be/en/classified/apartment/for-sale/velaine-sur-sambre/5060/20810345
https://www.immoweb.be/en/classified/apartment/for-sale/antwerpen/2000/20810343
https://www.immoweb.be/en/classified/house/for-sale/wilrijk/2610/20810342
https://www.immoweb.be/en/classified/villa/for-sale/ieper/8900/20810340
https://www.immoweb.be/en/classified/other-property/for-sale/nieuwkerke/8950/20810337
https://www.immoweb.be/en/classified/ground-floor/for-sale/langemark/8920/20810338
https://www.immoweb.be/en/classified/ground-floor/for-sale/poperinge/8970/20810339
https://www.immoweb.be/en/classified/house/for-sale/marchin/4570/20810334
https://www.immoweb.be/en/classified/apartment/for-sale/ieper/8900/20810328
https://www.immoweb.be/en/classified/apartment/for-sale/ieper/8900/20810329
https://www.immoweb.be/en/classified/house/for-sale/zuienkerke/8377/20810326
https://www.immoweb.be/en/classified/house/for-sale/lebbeke/9280/20810324
https://www.immoweb.be/en/classified/villa/for-sale/walcourt/5650/20810323
https://www.immoweb.be/en/classified/apartment/for-sale/edegem/2650/20810317
https://www.immoweb.be/en/classified/bungalow/for-sale/wetteren/9230/20782200
https://www.immoweb.be/en/classified/apartment/for-sale/gent/9000/20797981
https://www.immoweb.be/en/classified/apartment/for-sale/blanden-leuven/3052/20798389
https://www.immoweb.be/en/classified/house/for-sale/sint-lievens-houtem/9520/20814860
https://www.immoweb.be/en/classified/house/for-sale/sint-lievens-houtem/9520/20814857
https://www.immoweb.be/en/classified/house/for-sale/sint-lievens-houtem/9520/20814854
https://www.immoweb.be/en/classified/house/for-sale/sint-lievens-houtem/9520/20814855
https://www.immoweb.be/en/classified/house/for-sale/sint-lievens-houtem/9520/20814853
https://www.immoweb.be/en/classified/apartment/for-sale/oostende/8400/20815527
https://www.immoweb.be/en/classified/apartment/for-sale/heist-aan-zee/8301/20814770
https://www.immoweb.be/en/classified/apartment/for-sale/heist-aan-zee/8301/20814747
https://www.immoweb.be/en/classified/ground-floor/for-sale/heist-aan-zee/8301/20814772
https://www.immoweb.be/en/classified/ground-floor/for-sale/stabroek/2940/20815483
https://www.immoweb.be/en/classified/exceptional-property/for-sale/brugge/8000/20816738
https://www.immoweb.be/en/classified/house/for-sale/lochristi/9185/20816002
https://www.immoweb.be/en/classified/apartment-block/for-sale/martelange-martelange/6630/20817322
https://www.immoweb.be/en/classified/apartment/for-sale/grembergen/9200/20816224
https://www.immoweb.be/en/classified/mixed-use-building/for-sale/waterloo/1410/20816251
https://www.immoweb.be/en/classified/duplex/for-sale/jette/1090/20814960
https://www.immoweb.be/en/classified/mixed-use-building/for-sale/koksijde/8670/20816128
https://www.immoweb.be/en/classified/mansion/for-sale/brugge/8000/20816750
https://www.immoweb.be/en/classified/villa/for-sale/sint-denijs-westrem/9051/20816370
https://www.immoweb.be/en/classified/house/for-sale/stabroek/2940/20796029
https://www.immoweb.be/en/classified/house/for-sale/seraing/4100/20797415
https://www.immoweb.be/en/classified/house/for-sale/huy/4500/20798398
https://www.immoweb.be/en/classified/house/for-sale/lichtaart/2460/20798870
https://www.immoweb.be/en/classified/house/for-sale/tremelo/3120/20799293
https://www.immoweb.be/en/classified/villa/for-sale/tremelo/3120/20799292
https://www.immoweb.be/en/classified/apartment/for-sale/merksem/2170/20788350
https://www.immoweb.be/en/classified/apartment/for-sale/antwerpen/2060/20786424
https://www.immoweb.be/en/classified/apartment/for-sale/gent/9000/20814575
https://www.immoweb.be/en/classified/apartment/for-sale/gent/9000/20814512
https://www.immoweb.be/en/classified/apartment/for-sale/gent/9000/20814503
https://www.immoweb.be/en/classified/new-real-estate-project-apartments/for-sale/gent/9000/20814505
https://www.immoweb.be/en/classified/apartment/for-sale/deinze/9800/20814502
https://www.immoweb.be/en/classified/new-real-estate-project-houses/for-sale/sint-lievens-houtem/9520/20814500
https://www.immoweb.be/en/classified/apartment/for-sale/deinze/9800/20814498
https://www.immoweb.be/en/classified/apartment/for-sale/deinze/9800/20814506
https://www.immoweb.be/en/classified/house/for-sale/roeselare/8800/20814501
https://www.immoweb.be/en/classified/apartment/for-sale/deinze/9800/20814504
https://www.immoweb.be/en/classified/apartment/for-sale/deinze/9800/20814497
https://www.immoweb.be/en/classified/apartment/for-sale/deinze/9800/20814574
https://www.immoweb.be/en/classified/duplex/for-sale/gent/9000/20814499
https://www.immoweb.be/en/classified/apartment/for-sale/brussel/1000/20814495
https://www.immoweb.be/en/classified/house/for-sale/tenneville-champlon/6971/20814493
https://www.immoweb.be/en/classified/apartment/for-sale/gent/9000/20814492
https://www.immoweb.be/en/classified/house/for-sale/etterbeek/1040/20814491
https://www.immoweb.be/en/classified/mixed-use-building/for-sale/saint-gilles/1060/20814490
https://www.immoweb.be/en/classified/house/for-sale/ixelles/1050/20814489
https://www.immoweb.be/en/classified/apartment/for-sale/etterbeek/1040/20814485
https://www.immoweb.be/en/classified/house/for-sale/roeselare/8800/20570869
https://www.immoweb.be/en/classified/house/for-sale/zeebrugge/8380/20814464
https://www.immoweb.be/en/classified/new-real-estate-project-apartments/for-sale/liege/4020/20814444
https://www.immoweb.be/en/classified/house/for-sale/kalken/9270/20814443
https://www.immoweb.be/en/classified/apartment-block/for-sale/gent/9000/20814442
https://www.immoweb.be/en/classified/apartment/for-sale/ottignies-louvain-la-neuve/1348/20814440
https://www.immoweb.be/en/classified/house/for-sale/gent/9000/20814438
https://www.immoweb.be/en/classified/duplex/for-sale/riemst/3770/20814436
https://www.immoweb.be/en/classified/house/for-sale/tongeren/3700/20814437
https://www.immoweb.be/en/classified/apartment/for-sale/haacht/3150/20814435
https://www.immoweb.be/en/classified/house/for-sale/grobbendonk/2280/20796273
https://www.immoweb.be/en/classified/mansion/for-sale/gent/9000/20794426
https://www.immoweb.be/en/classified/apartment/for-sale/blankenberge/8370/20817164
https://www.immoweb.be/en/classified/flat-studio/for-sale/gent/9000/20817755
https://www.immoweb.be/en/classified/flat-studio/for-sale/uccle/1180/20817114
https://www.immoweb.be/en/classified/apartment/for-sale/flemalle-grande/4400/20817859
https://www.immoweb.be/en/classified/apartment/for-sale/blankenberge/8370/20818600
https://www.immoweb.be/en/classified/apartment/for-sale/woluwe-saint-lambert/1200/20817632
https://www.immoweb.be/en/classified/apartment/for-sale/heusden-zolder/3550/20817660
https://www.immoweb.be/en/classified/apartment/for-sale/uccle/1180/20818147
https://www.immoweb.be/en/classified/apartment/for-sale/uccle/1180/20818134
https://www.immoweb.be/en/classified/duplex/for-sale/uccle/1180/20818136
https://www.immoweb.be/en/classified/duplex/for-sale/uccle/1180/20818133
https://www.immoweb.be/en/classified/apartment/for-sale/willebroek/2830/20792347
https://www.immoweb.be/en/classified/apartment/for-sale/sint-niklaas/9100/20793500
https://www.immoweb.be/en/classified/apartment/for-sale/nieuwpoort/8620/20794365
https://www.immoweb.be/en/classified/house/for-sale/brugge/8000/20803218
https://www.immoweb.be/en/classified/house/for-sale/flemalle/4400/20804753
https://www.immoweb.be/en/classified/house/for-sale/izegem/8870/20801636
https://www.immoweb.be/en/classified/house/for-sale/geel/2440/20807337
https://www.immoweb.be/en/classified/house/for-sale/appels/9200/20806121
https://www.immoweb.be/en/classified/house/for-sale/muizen/2812/20807180
https://www.immoweb.be/en/classified/house/for-sale/genk/3600/20805125
https://www.immoweb.be/en/classified/house/for-sale/ellikom/3670/20805122
https://www.immoweb.be/en/classified/house/for-sale/zutendaal/3690/20805135
https://www.immoweb.be/en/classified/house/for-sale/melle/9090/20803349
https://www.immoweb.be/en/classified/house/for-sale/maarkedal/9680/20802291
https://www.immoweb.be/en/classified/house/for-sale/itegem/2222/20805053
https://www.immoweb.be/en/classified/house/for-sale/brecht/2960/20806986
https://www.immoweb.be/en/classified/apartment/for-sale/deurne/2100/20810438
https://www.immoweb.be/en/classified/house/for-sale/molenbeek-saint-jean/1080/20814825
https://www.immoweb.be/en/classified/apartment/for-sale/knokke-heist/8300/20814824
https://www.immoweb.be/en/classified/apartment/for-sale/knokke-heist/8300/20814823
https://www.immoweb.be/en/classified/apartment/for-sale/dilsen-stokkem/3650/20814822
https://www.immoweb.be/en/classified/house/for-sale/weelde/2381/20814820
https://www.immoweb.be/en/classified/new-real-estate-project-apartments/for-sale/auvelais/5060/20814819
https://www.immoweb.be/en/classified/apartment-block/for-sale/tournai/7500/20814818
https://www.immoweb.be/en/classified/house/for-sale/mons-lez-liege/4400/20814816
https://www.immoweb.be/en/classified/house/for-sale/assesse/5330/20765742
https://www.immoweb.be/en/classified/ground-floor/for-sale/assesse/5330/20782372
https://www.immoweb.be/en/classified/house/for-sale/mortsel/2640/20814812
https://www.immoweb.be/en/classified/duplex/for-sale/schaerbeek/1030/20814811
https://www.immoweb.be/en/classified/ground-floor/for-sale/assesse/5330/20782388
https://www.immoweb.be/en/classified/house/for-sale/liege/4020/20814810
https://www.immoweb.be/en/classified/apartment/for-sale/heist-aan-zee/8301/20814809
https://www.immoweb.be/en/classified/apartment/for-sale/antwerpen/2020/20814808
https://www.immoweb.be/en/classified/house/for-sale/quaregnon/7390/20814805
https://www.immoweb.be/en/classified/apartment/for-sale/liege/4000/20814803
https://www.immoweb.be/en/classified/house/for-sale/mechelen/2800/20814801
https://www.immoweb.be/en/classified/house/for-sale/erquelinnes/6560/20814800
https://www.immoweb.be/en/classified/house/for-sale/deurne/2100/20814798
https://www.immoweb.be/en/classified/duplex/for-sale/auvelais/5060/20814797
https://www.immoweb.be/en/classified/house/for-sale/chapelle-lez-herlaimont/7160/20814795
https://www.immoweb.be/en/classified/house/for-sale/mons-lez-liege/4400/20814792
https://www.immoweb.be/en/classified/loft/for-sale/durbuy/6940/20811475
https://www.immoweb.be/en/classified/house/for-sale/saint-josse-ten-noode/1210/20814789
https://www.immoweb.be/en/classified/house/for-sale/heusden-zolder/3550/20814783
https://www.immoweb.be/en/classified/house/for-sale/failon/5370/20814781
https://www.immoweb.be/en/classified/apartment/for-sale/borgerhout/2140/20814778
https://www.immoweb.be/en/classified/ground-floor/for-sale/jette/1090/20814777
https://www.immoweb.be/en/classified/apartment/for-sale/molenbeek-saint-jean/1080/20706127
https://www.immoweb.be/en/classified/apartment/for-sale/hasselt/3500/20781279
https://www.immoweb.be/en/classified/apartment/for-sale/gent/9000/20773083
https://www.immoweb.be/en/classified/apartment/for-sale/gent/9000/20548377
https://www.immoweb.be/en/classified/apartment/for-sale/gent/9000/20773086
https://www.immoweb.be/en/classified/apartment/for-sale/bruxelles/1040/20773032
https://www.immoweb.be/en/classified/apartment/for-sale/bruxelles/1000/20622213
https://www.immoweb.be/en/classified/duplex/for-sale/ottignies-louvain-la-neuve/1340/20766115
https://www.immoweb.be/en/classified/apartment/for-sale/brussels/1000/20733416
https://www.immoweb.be/en/classified/ground-floor/for-sale/ronse/9600/20728838
https://www.immoweb.be/en/classified/apartment/for-sale/antwerpen/2000/20692788
https://www.immoweb.be/en/classified/apartment/for-sale/etterbeek/1040/20644816
https://www.immoweb.be/en/classified/loft/for-sale/ronse/9600/20772167
https://www.immoweb.be/en/classified/ground-floor/for-sale/schaerbeek/1030/20767094
https://www.immoweb.be/en/classified/penthouse/for-sale/uccle/1180/20588568
https://www.immoweb.be/en/classified/flat-studio/for-sale/blankenberge/8370/20799245
https://www.immoweb.be/en/classified/house/for-sale/seraing/4100/20657821
https://www.immoweb.be/en/classified/house/for-sale/bassenge/4690/20760703
https://www.immoweb.be/en/classified/house/for-sale/brakel/9660/20776929
https://www.immoweb.be/en/classified/apartment/for-sale/heist-op-den-berg/2220/20799494
https://www.immoweb.be/en/classified/house/for-sale/leglise/6860/20575474
https://www.immoweb.be/en/classified/apartment/for-sale/gent/9000/20799114
https://www.immoweb.be/en/classified/mixed-use-building/for-sale/liege/4000/20640432
https://www.immoweb.be/en/classified/house/for-sale/jehonville/6880/20777156
https://www.immoweb.be/en/classified/house/for-sale/herzele/9550/20676672
https://www.immoweb.be/en/classified/house/for-sale/herzele/9550/20676671
https://www.immoweb.be/en/classified/house/for-sale/forest/1190/20741661
https://www.immoweb.be/en/classified/house/for-sale/attenrode/3384/20776317
https://www.immoweb.be/en/classified/house/for-sale/pont-a-celles/6230/20809032
https://www.immoweb.be/en/classified/house/for-sale/luttre/6238/20809025
https://www.immoweb.be/en/classified/ground-floor/for-sale/machelen-diegem/1831/20810865
https://www.immoweb.be/en/classified/apartment/for-sale/bruxelles/1083/20810847
https://www.immoweb.be/en/classified/apartment/for-sale/deinze/9800/20810846
https://www.immoweb.be/en/classified/mixed-use-building/for-sale/kluisbergen/9690/20810844
https://www.immoweb.be/en/classified/house/for-sale/waregem-sint-eloois-vijve/8793/20810843
https://www.immoweb.be/en/classified/duplex/for-sale/schaerbeek/1030/20810842
https://www.immoweb.be/en/classified/apartment/for-sale/auderghem/1160/20810841
https://www.immoweb.be/en/classified/apartment/for-sale/antwerpen/2000/20810840
https://www.immoweb.be/en/classified/house/for-sale/saint-nicolas/4420/20810839
https://www.immoweb.be/en/classified/house/for-sale/turnhout/2300/20810837
https://www.immoweb.be/en/classified/house/for-sale/lommel/3920/20810836
https://www.immoweb.be/en/classified/apartment/for-sale/knokke-heist/8300/20810833
https://www.immoweb.be/en/classified/house/for-sale/kapellen/2950/20810832
https://www.immoweb.be/en/classified/house/for-sale/appels/9200/20810831
https://www.immoweb.be/en/classified/villa/for-sale/moorsel-aalst/9310/20810830
https://www.immoweb.be/en/classified/apartment/for-sale/antwerpen/2018/20810824
https://www.immoweb.be/en/classified/apartment/for-sale/antwerpen/2600/20810825
https://www.immoweb.be/en/classified/apartment/for-sale/verviers-heusy/4802/20810822
https://www.immoweb.be/en/classified/ground-floor/for-sale/verviers-heusy/4802/20810823
https://www.immoweb.be/en/classified/house/for-sale/marchin/4570/20810821
https://www.immoweb.be/en/classified/flat-studio/for-sale/ixelles/1050/20810819
https://www.immoweb.be/en/classified/house/for-sale/meise/1860/20810818
https://www.immoweb.be/en/classified/house/for-sale/schelle/2627/20810816
https://www.immoweb.be/en/classified/penthouse/for-sale/destelbergen/9070/20810809
https://www.immoweb.be/en/classified/house/for-sale/gavere/9890/20810811
https://www.immoweb.be/en/classified/house/for-sale/gavere/9890/20810810
https://www.immoweb.be/en/classified/house/for-sale/gavere/9890/20810807
https://www.immoweb.be/en/classified/house/for-sale/gavere/9890/20810808
https://www.immoweb.be/en/classified/house/for-sale/gavere/9890/20810804
https://www.immoweb.be/en/classified/apartment/for-sale/gavere/9890/20810805
https://www.immoweb.be/en/classified/ground-floor/for-sale/wilrijk/2610/20816367
https://www.immoweb.be/en/classified/apartment/for-sale/wilrijk/2610/20818431
https://www.immoweb.be/en/classified/apartment/for-sale/bruxelles/1040/20817254
https://www.immoweb.be/en/classified/apartment/for-sale/woluwe-saint-lambert/1200/20816913
https://www.immoweb.be/en/classified/new-real-estate-project-apartments/for-sale/bruxelles/1000/20818263
https://www.immoweb.be/en/classified/new-real-estate-project-apartments/for-sale/forest/1190/20818518
https://www.immoweb.be/en/classified/new-real-estate-project-apartments/for-sale/berchem-sainte-agathe/1082/20818287
https://www.immoweb.be/en/classified/new-real-estate-project-apartments/for-sale/dilbeek/1700/20818271
https://www.immoweb.be/en/classified/new-real-estate-project-houses/for-sale/aalst/9300/20818004
https://www.immoweb.be/en/classified/new-real-estate-project-houses/for-sale/ittre-virginal-samme/1460/20817469
https://www.immoweb.be/en/classified/new-real-estate-project-apartments/for-sale/braine-lalleud/1420/20817800
https://www.immoweb.be/en/classified/new-real-estate-project-houses/for-sale/wetteren/9230/20818470
https://www.immoweb.be/en/classified/new-real-estate-project-houses/for-sale/erpe-mere/9420/20817600
https://www.immoweb.be/en/classified/new-real-estate-project-houses/for-sale/merelbeke/9820/20818165
https://www.immoweb.be/en/classified/house/for-sale/destelbergen/9070/20818169
https://www.immoweb.be/en/classified/house/for-sale/beersel/1650/20810220
https://www.immoweb.be/en/classified/new-real-estate-project-apartments/for-sale/laken/1020/20816620
https://www.immoweb.be/en/classified/new-real-estate-project-apartments/for-sale/gent/9000/20816273
https://www.immoweb.be/en/classified/new-real-estate-project-apartments/for-sale/gent/9000/20816307
https://www.immoweb.be/en/classified/new-real-estate-project-houses/for-sale/dion-le-mont/1325/20817262
https://www.immoweb.be/en/classified/apartment/for-sale/geraardsbergen/9500/20816194
https://www.immoweb.be/en/classified/apartment/for-sale/berchem/2600/20815718
https://www.immoweb.be/en/classified/house/for-sale/schaerbeek/1030/20810694
https://www.immoweb.be/en/classified/apartment/for-sale/schoten/2900/20817369
https://www.immoweb.be/en/classified/apartment/for-sale/borgerhout/2140/20817957
https://www.immoweb.be/en/classified/apartment/for-sale/wijnegem/2110/20817556
https://www.immoweb.be/en/classified/apartment/for-sale/bruxelles/1040/20817255
https://www.immoweb.be/en/classified/house/for-sale/mechelen/2800/20811524
https://www.immoweb.be/en/classified/house/for-sale/amay/4540/20818402
https://www.immoweb.be/en/classified/house/for-sale/mont-de-lenclus/7750/20817455
https://www.immoweb.be/en/classified/house/for-sale/ransart/6043/20818628
https://www.immoweb.be/en/classified/apartment/for-sale/brugge/8200/20818627
https://www.immoweb.be/en/classified/apartment-block/for-sale/antwerpen/2018/20818624
https://www.immoweb.be/en/classified/house/for-sale/wetteren/9230/20818623
https://www.immoweb.be/en/classified/house/for-sale/nechin/7730/20818622
https://www.immoweb.be/en/classified/house/for-sale/kain/7540/20818621
https://www.immoweb.be/en/classified/house/for-sale/roeselare/8800/20818620
https://www.immoweb.be/en/classified/house/for-sale/ledeberg/9050/20818618
https://www.immoweb.be/en/classified/house/for-sale/boechout/2530/20818617
https://www.immoweb.be/en/classified/house/for-sale/de-panne/8660/20818616
https://www.immoweb.be/en/classified/apartment/for-sale/de-panne/8660/20818615
https://www.immoweb.be/en/classified/apartment/for-sale/brugge/8200/20818614
https://www.immoweb.be/en/classified/house/for-sale/merksem/2170/20818611
https://www.immoweb.be/en/classified/duplex/for-sale/uccle/1180/20818610
https://www.immoweb.be/en/classified/house/for-sale/heist-op-den-berg/2220/20818605
https://www.immoweb.be/en/classified/apartment/for-sale/heist-op-den-berg/2220/20818604
https://www.immoweb.be/en/classified/house/for-sale/hulshout/2235/20818608
https://www.immoweb.be/en/classified/house/for-sale/westmeerbeek/2235/20818613
https://www.immoweb.be/en/classified/house/for-sale/heist-op-den-berg/2220/20818607
https://www.immoweb.be/en/classified/apartment/for-sale/brugge/8200/20818601
https://www.immoweb.be/en/classified/apartment/for-sale/blankenberge/8370/20818600
https://www.immoweb.be/en/classified/apartment/for-sale/laken/1020/20816610
https://www.immoweb.be/en/classified/apartment/for-sale/elsene/1050/20719629
https://www.immoweb.be/en/classified/apartment/for-sale/elsene/1050/20804581
https://www.immoweb.be/en/classified/house/for-sale/lille/2275/20818599
https://www.immoweb.be/en/classified/mansion/for-sale/lille/2275/20818597
https://www.immoweb.be/en/classified/villa/for-sale/lille/2275/20818598
https://www.immoweb.be/en/classified/house/for-sale/schoten/2900/20818592
https://www.immoweb.be/en/classified/house/for-sale/brye/6222/20818591
https://www.immoweb.be/en/classified/country-cottage/for-sale/brye/6222/20818589
https://www.immoweb.be/en/classified/apartment/for-sale/knokke-heist/8300/20815971
https://www.immoweb.be/en/classified/apartment/for-sale/ixelles/1050/20812986
https://www.immoweb.be/en/classified/apartment/for-sale/knokke-heist/8300/20813418
https://www.immoweb.be/en/classified/apartment/for-sale/knokke-heist/8300/20814433
https://www.immoweb.be/en/classified/house/for-sale/appels/9200/20810831
https://www.immoweb.be/en/classified/mixed-use-building/for-sale/kluisbergen/9690/20810844
https://www.immoweb.be/en/classified/house/for-sale/kester/1755/20808974
https://www.immoweb.be/en/classified/house/for-sale/berchem/2600/20805777
https://www.immoweb.be/en/classified/villa/for-sale/uccle/1180/20805042
https://www.immoweb.be/en/classified/apartment/for-sale/turnhout/2300/20803080
https://www.immoweb.be/en/classified/apartment/for-sale/turnhout/2300/20803078
https://www.immoweb.be/en/classified/apartment/for-sale/turnhout/2300/20803090
https://www.immoweb.be/en/classified/apartment/for-sale/turnhout/2300/20803089
https://www.immoweb.be/en/classified/apartment/for-sale/uccle/1180/20804266
https://www.immoweb.be/en/classified/duplex/for-sale/ixelles/1050/20801696
https://www.immoweb.be/en/classified/duplex/for-sale/saint-gilles/1060/20801686
https://www.immoweb.be/en/classified/apartment/for-sale/deurne/2100/20813976
https://www.immoweb.be/en/classified/apartment/for-sale/tielt-8700/8700/20812015
https://www.immoweb.be/en/classified/apartment/for-sale/borgerhout/2140/20813634
https://www.immoweb.be/en/classified/apartment/for-sale/antwerpen/2018/20815379
https://www.immoweb.be/en/classified/house/for-sale/aalst/9320/20813714
https://www.immoweb.be/en/classified/house/for-sale/laeken/1020/20816678
https://www.immoweb.be/en/classified/house/for-sale/uccle/1180/20816163
https://www.immoweb.be/en/classified/mixed-use-building/for-sale/lessines/7860/20816196
https://www.immoweb.be/en/classified/house/for-sale/ogy/7862/20816191
https://www.immoweb.be/en/classified/villa/for-sale/deinze/9800/20813940
https://www.immoweb.be/en/classified/exceptional-property/for-sale/hoeilaart/1560/20815072
https://www.immoweb.be/en/classified/new-real-estate-project-apartments/for-sale/genk/3600/20800207
https://www.immoweb.be/en/classified/new-real-estate-project-apartments/for-sale/houthalen/3530/20801856
https://www.immoweb.be/en/classified/new-real-estate-project-apartments/for-sale/maisieres/7020/20801792
https://www.immoweb.be/en/classified/house/for-sale/saint-nicolas/4420/20818365
https://www.immoweb.be/en/classified/house/for-sale/heule/8501/20818362
https://www.immoweb.be/en/classified/flat-studio/for-sale/oostende/8400/20818360
https://www.immoweb.be/en/classified/house/for-sale/aarsele/8700/20818355
https://www.immoweb.be/en/classified/house/for-sale/zwevezele/8750/20818354
https://www.immoweb.be/en/classified/house/for-sale/bornem/2880/20818351
https://www.immoweb.be/en/classified/house/for-sale/hasselt/3500/20818340
https://www.immoweb.be/en/classified/house/for-sale/beringen/3580/20818339
https://www.immoweb.be/en/classified/house/for-sale/menen/8930/20143413
https://www.immoweb.be/en/classified/apartment/for-sale/hoboken/2660/20818338
https://www.immoweb.be/en/classified/house/for-sale/izegem/8870/20818336
https://www.immoweb.be/en/classified/house/for-sale/de-haan/8420/20818334
https://www.immoweb.be/en/classified/house/for-sale/tongeren-borgloon/3840/20818332
https://www.immoweb.be/en/classified/house/for-sale/vechmaal/3870/20818331
https://www.immoweb.be/en/classified/apartment/for-sale/molenbeek-saint-jean/1080/20818328
https://www.immoweb.be/en/classified/villa/for-sale/bilzen/3740/20818327
https://www.immoweb.be/en/classified/villa/for-sale/zaventem/1930/20818324
https://www.immoweb.be/en/classified/apartment/for-sale/willebroek/2830/20818323
https://www.immoweb.be/en/classified/house/for-sale/kessel-lo/3010/20818320
https://www.immoweb.be/en/classified/house/for-sale/linden/3210/20818319
https://www.immoweb.be/en/classified/house/for-sale/kessel-lo/3010/20818318
https://www.immoweb.be/en/classified/exceptional-property/for-sale/ixelles/1050/20818317
https://www.immoweb.be/en/classified/house/for-sale/hornu/7301/20818315
https://www.immoweb.be/en/classified/town-house/for-sale/sambreville/5060/20818313
https://www.immoweb.be/en/classified/house/for-sale/antwerpen/2170/20746632
https://www.immoweb.be/en/classified/apartment/for-sale/schaerbeek/1030/20818310
https://www.immoweb.be/en/classified/apartment/for-sale/jodoigne/1370/20818307
https://www.immoweb.be/en/classified/duplex/for-sale/jodoigne/1370/20818309
https://www.immoweb.be/en/classified/apartment/for-sale/jodoigne/1370/20818306
https://www.immoweb.be/en/classified/house/for-sale/jodoigne/1370/20818302
https://www.immoweb.be/en/classified/house/for-sale/ekeren/2180/20786872
https://www.immoweb.be/en/classified/house/for-sale/wanze-vinalmont/4520/20788330
https://www.immoweb.be/en/classified/house/for-sale/leuven/3000/20786566
https://www.immoweb.be/en/classified/house/for-sale/leuven/3000/20786571
https://www.immoweb.be/en/classified/villa/for-sale/de-haan/8420/20783710
https://www.immoweb.be/en/classified/villa/for-sale/de-haan/8420/20782720
https://www.immoweb.be/en/classified/apartment/for-sale/zeebrugge/8380/20798456
https://www.immoweb.be/en/classified/apartment/for-sale/sint-idesbald/8670/20795571
https://www.immoweb.be/en/classified/house/for-sale/haacht/3150/20764704
https://www.immoweb.be/en/classified/house/for-sale/gent-sint-denijs-westrem/9051/20816378
https://www.immoweb.be/en/classified/apartment/for-sale/ciney/5590/20814719
https://www.immoweb.be/en/classified/house/for-sale/la-roche-en-ardenne/6980/20704600
https://www.immoweb.be/en/classified/house/for-sale/aalst/9300/20818691
https://www.immoweb.be/en/classified/house/for-sale/vise/4600/20701971
https://www.immoweb.be/en/classified/house/for-sale/gent/9000/20817412
https://www.immoweb.be/en/classified/house/for-sale/anderlecht/1070/20817881
https://www.immoweb.be/en/classified/mixed-use-building/for-sale/grivegnee/4030/20817889
https://www.immoweb.be/en/classified/villa/for-sale/havre/7021/20817450
https://www.immoweb.be/en/classified/house/for-sale/wilrijk/2610/20750958
https://www.immoweb.be/en/classified/loft/for-sale/ixelles-ixelles/1050/20814345
https://www.immoweb.be/en/classified/house/for-sale/berg/1910/20743033
https://www.immoweb.be/en/classified/loft/for-sale/antwerpen/2000/20814642
https://www.immoweb.be/en/classified/apartment/for-sale/antwerpen/2050/20766439
https://www.immoweb.be/en/classified/apartment/for-sale/berchem/2600/20768379
https://www.immoweb.be/en/classified/apartment/for-sale/turnhout/2300/20766424
https://www.immoweb.be/en/classified/apartment/for-sale/antwerpen/2000/20768409
https://www.immoweb.be/en/classified/apartment/for-sale/liege/4000/20782618
https://www.immoweb.be/en/classified/duplex/for-sale/anderlecht/1070/20783196
https://www.immoweb.be/en/classified/flat-studio/for-sale/gent/9000/20784982
https://www.immoweb.be/en/classified/apartment/for-sale/ganshoren/1083/20786003
https://www.immoweb.be/en/classified/apartment/for-sale/waterloo/1410/20808047
https://www.immoweb.be/en/classified/exceptional-property/for-sale/zandvliet/2040/20808046
https://www.immoweb.be/en/classified/house/for-sale/sint-martens-bodegem/1700/20808042
https://www.immoweb.be/en/classified/flat-studio/for-sale/bruxelles/1000/20808038
https://www.immoweb.be/en/classified/apartment-block/for-sale/liege/4000/20808037
https://www.immoweb.be/en/classified/house/for-sale/meerle/2328/20808034
https://www.immoweb.be/en/classified/apartment/for-sale/uccle/1180/20808030
https://www.immoweb.be/en/classified/house/for-sale/courcelles/6180/20808028
https://www.immoweb.be/en/classified/apartment/for-sale/tongeren/3700/20808026
https://www.immoweb.be/en/classified/house/for-sale/knesselare/9910/20808025
https://www.immoweb.be/en/classified/house/for-sale/lommel/3920/20808024
https://www.immoweb.be/en/classified/apartment/for-sale/lanaken/3620/20808023
https://www.immoweb.be/en/classified/apartment/for-sale/hasselt/3500/20808022
https://www.immoweb.be/en/classified/house/for-sale/zwevegem-zwevegem/8550/20808021
https://www.immoweb.be/en/classified/house/for-sale/zarren/8610/20808020
https://www.immoweb.be/en/classified/apartment/for-sale/uccle/1180/20808019
https://www.immoweb.be/en/classified/apartment/for-sale/wingene/8750/20808016
https://www.immoweb.be/en/classified/ground-floor/for-sale/aarschot/3200/20808015
https://www.immoweb.be/en/classified/house/for-sale/aarschot/3200/20808014
https://www.immoweb.be/en/classified/apartment/for-sale/tongeren/3700/20808013
https://www.immoweb.be/en/classified/triplex/for-sale/hasselt/3500/20808012
https://www.immoweb.be/en/classified/house/for-sale/antwerpen-2060/2060/20808010
https://www.immoweb.be/en/classified/apartment/for-sale/tongeren/3700/20808007
https://www.immoweb.be/en/classified/house/for-sale/kortrijk/8501/20808005
https://www.immoweb.be/en/classified/house/for-sale/kortrijk/8500/20645262
https://www.immoweb.be/en/classified/house/for-sale/roeselare/8800/20808003
https://www.immoweb.be/en/classified/apartment/for-sale/tongeren/3700/20808002
https://www.immoweb.be/en/classified/apartment/for-sale/tongeren/3700/20808001
https://www.immoweb.be/en/classified/apartment/for-sale/berlare/9290/20808000
https://www.immoweb.be/en/classified/apartment/for-sale/gent/9000/20807999
https://www.immoweb.be/en/classified/new-real-estate-project-apartments/for-sale/bruxelles/1000/20557496
https://www.immoweb.be/en/classified/new-real-estate-project-houses/for-sale/perwez/1360/20759420
https://www.immoweb.be/en/classified/new-real-estate-project-apartments/for-sale/brussel/1000/20766392
https://www.immoweb.be/en/classified/new-real-estate-project-houses/for-sale/sinaai/9112/20756762
https://www.immoweb.be/en/classified/new-real-estate-project-apartments/for-sale/braine-lalleud/1420/20776334
https://www.immoweb.be/en/classified/new-real-estate-project-houses/for-sale/roosdaal/1760/20674381
https://www.immoweb.be/en/classified/new-real-estate-project-apartments/for-sale/court-saint-etienne/1490/20745255
https://www.immoweb.be/en/classified/new-real-estate-project-apartments/for-sale/auderghem/1160/20757325
https://www.immoweb.be/en/classified/new-real-estate-project-houses/for-sale/gooik/1755/20672314
https://www.immoweb.be/en/classified/new-real-estate-project-apartments/for-sale/antwerpen/2000/20750625
https://www.immoweb.be/en/classified/new-real-estate-project-apartments/for-sale/woluwe-saint-lambert/1200/20724756
https://www.immoweb.be/en/classified/new-real-estate-project-houses/for-sale/galmaarden/1570/20672342
https://www.immoweb.be/en/classified/new-real-estate-project-houses/for-sale/geraardsbergen/9500/20621058
https://www.immoweb.be/en/classified/new-real-estate-project-apartments/for-sale/waterloo/1410/20628538
https://www.immoweb.be/en/classified/new-real-estate-project-apartments/for-sale/ixelles/1050/20612537
https://www.immoweb.be/en/classified/new-real-estate-project-apartments/for-sale/groot-bijgaarden/1702/20767381
https://www.immoweb.be/en/classified/new-real-estate-project-apartments/for-sale/bruxelles/1000/20492926
https://www.immoweb.be/en/classified/new-real-estate-project-apartments/for-sale/bruxelles/1080/20492863
https://www.immoweb.be/en/classified/new-real-estate-project-houses/for-sale/braine-lalleud/1420/20627267
https://www.immoweb.be/en/classified/new-real-estate-project-houses/for-sale/brussel/1000/20766406
https://www.immoweb.be/en/classified/new-real-estate-project-houses/for-sale/chaumont-gistoux/1325/20770893
https://www.immoweb.be/en/classified/new-real-estate-project-apartments/for-sale/woluwe-saint-pierre/1150/20771240
https://www.immoweb.be/en/classified/new-real-estate-project-apartments/for-sale/woluwe-saint-pierre/1150/20621834
https://www.immoweb.be/en/classified/new-real-estate-project-houses/for-sale/wezembeek-oppem/1970/20621869
https://www.immoweb.be/en/classified/new-real-estate-project-houses/for-sale/elsene/1050/20766398
https://www.immoweb.be/en/classified/new-real-estate-project-houses/for-sale/ixelles/1050/20621123
https://www.immoweb.be/en/classified/house/for-sale/turnhout/2300/20803076
https://www.immoweb.be/en/classified/bungalow/for-sale/de-haan/8420/20800456
https://www.immoweb.be/en/classified/house/for-sale/mortsel/2640/20802446
https://www.immoweb.be/en/classified/town-house/for-sale/boechout/2530/20803064
https://www.immoweb.be/en/classified/apartment/for-sale/gent/9000/20814631
https://www.immoweb.be/en/classified/apartment/for-sale/koksijde/8670/20814630
https://www.immoweb.be/en/classified/house/for-sale/mouscron/7700/20814628
https://www.immoweb.be/en/classified/house/for-sale/aalter/9880/20814627
https://www.immoweb.be/en/classified/house/for-sale/gent/9000/20814625
https://www.immoweb.be/en/classified/apartment/for-sale/gent/9000/20814626
https://www.immoweb.be/en/classified/house/for-sale/ledeberg/9050/20814624
https://www.immoweb.be/en/classified/villa/for-sale/origny-en-thierache/02550/20814623
https://www.immoweb.be/en/classified/house/for-sale/moeskroen/7700/20814619
https://www.immoweb.be/en/classified/apartment/for-sale/gent/9000/20814621
https://www.immoweb.be/en/classified/house/for-sale/waarschoot/9950/20814618
https://www.immoweb.be/en/classified/house/for-sale/gent/9000/20814617
https://www.immoweb.be/en/classified/house/for-sale/herseaux/7712/20814615
https://www.immoweb.be/en/classified/house/for-sale/villerot/7334/20814614
https://www.immoweb.be/en/classified/flat-studio/for-sale/leuven/3000/20814613
https://www.immoweb.be/en/classified/house/for-sale/ichtegem/8480/20814611
https://www.immoweb.be/en/classified/new-real-estate-project-apartments/for-sale/middelkerke/8430/20814600
https://www.immoweb.be/en/classified/apartment/for-sale/gistel/8470/20814599
https://www.immoweb.be/en/classified/house/for-sale/sint-martens-latem/9830/20814598
https://www.immoweb.be/en/classified/apartment/for-sale/courcelles/6180/20814595
https://www.immoweb.be/en/classified/house/for-sale/fayt-lez-manage/7170/20814594
https://www.immoweb.be/en/classified/house/for-sale/seraing-jemeppesur-meuse/4101/20814593
https://www.immoweb.be/en/classified/mixed-use-building/for-sale/waimes/4950/20814622
https://www.immoweb.be/en/classified/flat-studio/for-sale/gent/9000/20814592
https://www.immoweb.be/en/classified/apartment/for-sale/lokeren/9160/20814590
https://www.immoweb.be/en/classified/house/for-sale/lier/2500/20814589
https://www.immoweb.be/en/classified/apartment/for-sale/gent/9000/20814588
https://www.immoweb.be/en/classified/apartment/for-sale/gent/9000/20814586
https://www.immoweb.be/en/classified/house/for-sale/pont-a-celles/6230/20814585
https://www.immoweb.be/en/classified/villa/for-sale/kortrijk-marke/8510/20814583
https://www.immoweb.be/en/classified/apartment/for-sale/blankenberge/8370/20783497
https://www.immoweb.be/en/classified/house/for-sale/gent/9040/20815451
https://www.immoweb.be/en/classified/house/for-sale/antwerpen/2060/20815960
https://www.immoweb.be/en/classified/house/for-sale/scheldewindeke/9860/20812825
https://www.immoweb.be/en/classified/house/for-sale/gent/9000/20813430
https://www.immoweb.be/en/classified/house/for-sale/embourg/4053/20796964
https://www.immoweb.be/en/classified/house/for-sale/antwerpen/2020/20796461
https://www.immoweb.be/en/classified/house/for-sale/woluwe-saint-pierre/1150/20795466
https://www.immoweb.be/en/classified/house/for-sale/uccle/1180/20793422
https://www.immoweb.be/en/classified/apartment/for-sale/oostende/8400/20799659
https://www.immoweb.be/en/classified/apartment/for-sale/willebroek/2830/20800748
https://www.immoweb.be/en/classified/new-real-estate-project-apartments/for-sale/mons/7000/20801791
https://www.immoweb.be/en/classified/apartment/for-sale/flemalle-grande/4400/20818382
https://www.immoweb.be/en/classified/apartment/for-sale/deurne/2100/20817166
https://www.immoweb.be/en/classified/new-real-estate-project-apartments/for-sale/herentals/2200/20779991
https://www.immoweb.be/en/classified/new-real-estate-project-apartments/for-sale/veurne/8630/20774782
https://www.immoweb.be/en/classified/new-real-estate-project-apartments/for-sale/brasschaat/2930/20780129
https://www.immoweb.be/en/classified/new-real-estate-project-houses/for-sale/dottenijs/7711/20778419
https://www.immoweb.be/en/classified/new-real-estate-project-houses/for-sale/dottenijs/7711/20778409
https://www.immoweb.be/en/classified/duplex/for-sale/gentbrugge/9050/20817988
https://www.immoweb.be/en/classified/new-real-estate-project-apartments/for-sale/veurne/8630/20774788
https://www.immoweb.be/en/classified/new-real-estate-project-apartments/for-sale/nieuwpoort/8620/20774728
https://www.immoweb.be/en/classified/new-real-estate-project-houses/for-sale/herentals/2200/20779996
https://www.immoweb.be/en/classified/new-real-estate-project-houses/for-sale/wetteren/9230/20780225
https://www.immoweb.be/en/classified/new-real-estate-project-houses/for-sale/noorderwijk/2200/20780266
https://www.immoweb.be/en/classified/new-real-estate-project-apartments/for-sale/nieuwpoort/8620/20774729
https://www.immoweb.be/en/classified/new-real-estate-project-apartments/for-sale/koksijde/8670/20774723
https://www.immoweb.be/en/classified/new-real-estate-project-houses/for-sale/oud-turnhout/2360/20780257
https://www.immoweb.be/en/classified/new-real-estate-project-apartments/for-sale/koksijde/8670/20774720
https://www.immoweb.be/en/classified/penthouse/for-sale/waterloo/1410/20817552
https://www.immoweb.be/en/classified/house/for-sale/izegem/8870/20814329
https://www.immoweb.be/en/classified/house/for-sale/beaufays/4052/20814325
https://www.immoweb.be/en/classified/house/for-sale/brakel/9660/20676319
https://www.immoweb.be/en/classified/house/for-sale/mortsel/2640/20814324
https://www.immoweb.be/en/classified/house/for-sale/wavre/1300/20814323
https://www.immoweb.be/en/classified/house/for-sale/berlaar/2590/20814322
https://www.immoweb.be/en/classified/apartment/for-sale/ixelles/1050/20814320
https://www.immoweb.be/en/classified/house/for-sale/hoboken/2660/20814319
https://www.immoweb.be/en/classified/apartment/for-sale/oostende/8400/20814318
https://www.immoweb.be/en/classified/apartment/for-sale/seraing/4100/20814316
https://www.immoweb.be/en/classified/house/for-sale/merksem/2170/20814315
https://www.immoweb.be/en/classified/house/for-sale/florenville/6820/20814314
https://www.immoweb.be/en/classified/apartment/for-sale/hoboken/2660/20814312
https://www.immoweb.be/en/classified/apartment/for-sale/aartselaar/2630/20814311
https://www.immoweb.be/en/classified/apartment-block/for-sale/hoboken/2660/20814310
https://www.immoweb.be/en/classified/flat-studio/for-sale/watermael-boitsfort/1170/20814308
https://www.immoweb.be/en/classified/apartment/for-sale/watermael/1170/20814307
https://www.immoweb.be/en/classified/house/for-sale/horebeke/9667/20814293
https://www.immoweb.be/en/classified/duplex/for-sale/liege/4000/20814305
https://www.immoweb.be/en/classified/villa/for-sale/tessenderlo/3980/20691968
https://www.immoweb.be/en/classified/house/for-sale/rocourt/4000/20814303
https://www.immoweb.be/en/classified/apartment/for-sale/antwerpen/2170/20795643
https://www.immoweb.be/en/classified/apartment-block/for-sale/antwerpen/2000/20814297
https://www.immoweb.be/en/classified/ground-floor/for-sale/bruxelles/1020/20814296
https://www.immoweb.be/en/classified/house/for-sale/forest/1190/20805037
https://www.immoweb.be/en/classified/apartment/for-sale/ixelles/1050/20810210
https://www.immoweb.be/en/classified/apartment/for-sale/anderlecht/1070/20804893
https://www.immoweb.be/en/classified/flat-studio/for-sale/anderlecht/1070/20789863
https://www.immoweb.be/en/classified/apartment/for-sale/jette/1090/20779153
https://www.immoweb.be/en/classified/apartment/for-sale/forest/1190/20776283
https://www.immoweb.be/en/classified/house/for-sale/poulseur/4171/20807478
https://www.immoweb.be/en/classified/bungalow/for-sale/eindhout/2430/20807523
https://www.immoweb.be/en/classified/house/for-sale/zeebrugge/8380/20804183
https://www.immoweb.be/en/classified/house/for-sale/de-panne/8660/20804724
https://www.immoweb.be/en/classified/house/for-sale/oudenaarde/9700/20802964
https://www.immoweb.be/en/classified/house/for-sale/oudenaarde/9700/20806528
https://www.immoweb.be/en/classified/house/for-sale/seraing/4100/20803364
https://www.immoweb.be/en/classified/house/for-sale/sint-pieters-leeuw/1600/20804190
https://www.immoweb.be/en/classified/house/for-sale/geel/2440/20807346
https://www.immoweb.be/en/classified/house/for-sale/schaerbeek/1030/20803228
https://www.immoweb.be/en/classified/house/for-sale/geel/2440/20807344
https://www.immoweb.be/en/classified/house/for-sale/gent/9000/20802199
https://www.immoweb.be/en/classified/house/for-sale/oostende/8400/20803950
https://www.immoweb.be/en/classified/house/for-sale/genk/3600/20805131
https://www.immoweb.be/en/classified/house/for-sale/meerhout/2450/20807527
https://www.immoweb.be/en/classified/house/for-sale/woluwe-saint-pierre/1150/20805640
https://www.immoweb.be/en/classified/villa/for-sale/meerle/2328/20807126
https://www.immoweb.be/en/classified/house/for-sale/impe/9340/20787870
https://www.immoweb.be/en/classified/house/for-sale/rochefort/5580/20784223
https://www.immoweb.be/en/classified/villa/for-sale/elzele/7890/20787058
https://www.immoweb.be/en/classified/apartment/for-sale/onze-lieve-vrouw-waver/2861/20793286
https://www.immoweb.be/en/classified/apartment/for-sale/aartselaar/2630/20794099
https://www.immoweb.be/en/classified/apartment/for-sale/temse/9140/20793502
https://www.immoweb.be/en/classified/apartment/for-sale/temse/9140/20793507
https://www.immoweb.be/en/classified/apartment/for-sale/mechelen/2800/20794087
https://www.immoweb.be/en/classified/apartment/for-sale/schaerbeek/1030/20793104
https://www.immoweb.be/en/classified/apartment/for-sale/gent/9000/20790810
https://www.immoweb.be/en/classified/apartment/for-sale/oostkamp/8020/20791796
https://www.immoweb.be/en/classified/apartment/for-sale/kortrijk/8500/20789020
https://www.immoweb.be/en/classified/apartment/for-sale/knokke-zoute/8300/20789579
https://www.immoweb.be/en/classified/apartment/for-sale/evere/1140/20708534
https://www.immoweb.be/en/classified/apartment/for-sale/bruxelles/1000/20749436
https://www.immoweb.be/en/classified/house/for-sale/heist-aan-zee/8301/20814290
https://www.immoweb.be/en/classified/house/for-sale/lummen/3560/20814288
https://www.immoweb.be/en/classified/apartment/for-sale/tongeren-borgloon/3700/20814287
https://www.immoweb.be/en/classified/house/for-sale/hasselt/3500/20814286
https://www.immoweb.be/en/classified/loft/for-sale/antwerpen/2000/20814282
https://www.immoweb.be/en/classified/villa/for-sale/braine-lalleud/1420/20814281
https://www.immoweb.be/en/classified/new-real-estate-project-houses/for-sale/heist-op-den-berg/2220/20814280
https://www.immoweb.be/en/classified/house/for-sale/olen/2250/20814252
https://www.immoweb.be/en/classified/mixed-use-building/for-sale/bertrix/6880/20436207
https://www.immoweb.be/en/classified/house/for-sale/leglise/6860/20814251
https://www.immoweb.be/en/classified/house/for-sale/veerle/2431/20814248
https://www.immoweb.be/en/classified/house/for-sale/diepenbeek/3590/20814247
https://www.immoweb.be/en/classified/new-real-estate-project-apartments/for-sale/balen/2490/20814219
https://www.immoweb.be/en/classified/apartment/for-sale/auderghem/1160/20814218
https://www.immoweb.be/en/classified/house/for-sale/zottegem/9620/20814215
https://www.immoweb.be/en/classified/penthouse/for-sale/uccle/1180/20814213
https://www.immoweb.be/en/classified/house/for-sale/heist-op-den-berg/2220/20814211
https://www.immoweb.be/en/classified/apartment/for-sale/jette/1090/20814210
https://www.immoweb.be/en/classified/ground-floor/for-sale/jette/1090/20814209
https://www.immoweb.be/en/classified/house/for-sale/anderlecht/1070/20814208
https://www.immoweb.be/en/classified/penthouse/for-sale/woluwe-saint-pierre/1150/20814206
https://www.immoweb.be/en/classified/house/for-sale/hastiere-par-dela/5541/20814203
https://www.immoweb.be/en/classified/new-real-estate-project-apartments/for-sale/deinze/9800/20814191
https://www.immoweb.be/en/classified/house/for-sale/deinze-astene/9800/20814192
https://www.immoweb.be/en/classified/house/for-sale/deinze-astene/9800/20814190
https://www.immoweb.be/en/classified/apartment/for-sale/gent-sint-denijs-westrem/9051/20814189
https://www.immoweb.be/en/classified/new-real-estate-project-apartments/for-sale/gent-sint-denijs-westrem/9051/20814178
https://www.immoweb.be/en/classified/apartment/for-sale/gent-sint-denijs-westrem/9051/20814179
https://www.immoweb.be/en/classified/house/for-sale/hasselt/3500/20809761
https://www.immoweb.be/en/classified/villa/for-sale/hoeilaert/1560/20810538
https://www.immoweb.be/en/classified/apartment/for-sale/deurne/2100/20817186
https://www.immoweb.be/en/classified/apartment/for-sale/eke/9810/20816576
https://www.immoweb.be/en/classified/apartment/for-sale/nieuwpoort/8620/20815838
https://www.immoweb.be/en/classified/apartment/for-sale/knokke-zoute/8300/20815829
https://www.immoweb.be/en/classified/house/for-sale/ternat/1740/20802249
https://www.immoweb.be/en/classified/apartment/for-sale/leuven/3000/20804775
https://www.immoweb.be/en/classified/apartment/for-sale/tienen/3300/20804180
https://www.immoweb.be/en/classified/apartment/for-sale/leuven/3000/20803563
https://www.immoweb.be/en/classified/villa/for-sale/wetteren/9230/20816902
https://www.immoweb.be/en/classified/town-house/for-sale/merksem/2170/20810441
https://www.immoweb.be/en/classified/house/for-sale/lokeren/9160/20812217
https://www.immoweb.be/en/classified/apartment-block/for-sale/lokeren/9160/20812216
https://www.immoweb.be/en/classified/apartment/for-sale/vilvoorde/1800/20814632
https://www.immoweb.be/en/classified/apartment/for-sale/kortrijk/8500/20813442
https://www.immoweb.be/en/classified/apartment/for-sale/nieuwpoort/8620/20816440
https://www.immoweb.be/en/classified/penthouse/for-sale/bruxelles/1000/20814672
https://www.immoweb.be/en/classified/apartment/for-sale/knokke-zoute/8300/20813422
https://www.immoweb.be/en/classified/apartment/for-sale/knokke-heist/8300/20813509
https://www.immoweb.be/en/classified/apartment/for-sale/turnhout/2300/20803108
https://www.immoweb.be/en/classified/house/for-sale/overboelare/9500/20816190
https://www.immoweb.be/en/classified/house/for-sale/geraardsbergen/9500/20816178
https://www.immoweb.be/en/classified/house/for-sale/deurne/2100/20816365
https://www.immoweb.be/en/classified/house/for-sale/gent-oostakker/9041/20815908
https://www.immoweb.be/en/classified/house/for-sale/oudenaarde/9700/20813472
https://www.immoweb.be/en/classified/house/for-sale/etterbeek/1040/20814161
https://www.immoweb.be/en/classified/apartment/for-sale/uccle/1180/20797007
https://www.immoweb.be/en/classified/apartment/for-sale/antwerpen/2018/20813633
https://www.immoweb.be/en/classified/apartment/for-sale/woluwe-saint-lambert/1200/20811955
https://www.immoweb.be/en/classified/apartment/for-sale/sint-truiden/3800/20818130
https://www.immoweb.be/en/classified/mixed-use-building/for-sale/kortessem/3720/20818128
https://www.immoweb.be/en/classified/apartment/for-sale/knokke/8300/20818127
https://www.immoweb.be/en/classified/house/for-sale/oostende/8400/20818126
https://www.immoweb.be/en/classified/apartment/for-sale/ranst/2520/20818124
https://www.immoweb.be/en/classified/apartment/for-sale/gent/9000/20818122
https://www.immoweb.be/en/classified/apartment-block/for-sale/antwerpen/2000/20818121
https://www.immoweb.be/en/classified/apartment/for-sale/halen/3545/20818119
https://www.immoweb.be/en/classified/house/for-sale/arendonk/2370/20818118
https://www.immoweb.be/en/classified/house/for-sale/herent/3020/20818117
https://www.immoweb.be/en/classified/villa/for-sale/opwijk-mazenzele/1745/20818111
https://www.immoweb.be/en/classified/apartment/for-sale/opwijk/1745/20818110
https://www.immoweb.be/en/classified/apartment/for-sale/sint-truiden/3800/20818114
https://www.immoweb.be/en/classified/duplex/for-sale/heusden-9070/9070/20818107
https://www.immoweb.be/en/classified/ground-floor/for-sale/antwerpen-deurne/2100/20818106
https://www.immoweb.be/en/classified/apartment/for-sale/antwerpen-merksem/2170/20818105
https://www.immoweb.be/en/classified/house/for-sale/izegem/8870/20818102
https://www.immoweb.be/en/classified/house/for-sale/dendermonde/9200/20582530
https://www.immoweb.be/en/classified/house/for-sale/borgerhout/2140/20818099
https://www.immoweb.be/en/classified/house/for-sale/houthalen-helchteren/3530/20818098
https://www.immoweb.be/en/classified/house/for-sale/de-haan/8420/20818095
https://www.immoweb.be/en/classified/house/for-sale/brugge/8000/20818092
https://www.immoweb.be/en/classified/house/for-sale/aalter/9880/20818089
https://www.immoweb.be/en/classified/house/for-sale/sint-niklaas/9100/20818088
https://www.immoweb.be/en/classified/house/for-sale/wingene/8750/20818085
https://www.immoweb.be/en/classified/apartment/for-sale/borgerhout/2140/20818084
https://www.immoweb.be/en/classified/house/for-sale/beyne-heusay/4610/20818083
https://www.immoweb.be/en/classified/house/for-sale/kortrijk/8500/20818082
https://www.immoweb.be/en/classified/apartment/for-sale/kortrijk/8500/20818080
https://www.immoweb.be/en/classified/house/for-sale/kortrijk/8500/20818079
https://www.immoweb.be/en/classified/apartment/for-sale/oostende/8400/20814318
https://www.immoweb.be/en/classified/apartment/for-sale/schriek/2223/20813974
https://www.immoweb.be/en/classified/house/for-sale/seraing/4100/20793651
https://www.immoweb.be/en/classified/house/for-sale/bierbeek/3360/20792560
https://www.immoweb.be/en/classified/apartment/for-sale/keerbergen/3140/20813331
https://www.immoweb.be/en/classified/duplex/for-sale/ixelles/1050/20815667
https://www.immoweb.be/en/classified/house/for-sale/antwerpen/2060/20796086
https://www.immoweb.be/en/classified/villa/for-sale/blankenberge/8370/20794855
https://www.immoweb.be/en/classified/villa/for-sale/lokeren/9160/20796945
https://www.immoweb.be/en/classified/house/for-sale/beersel/1650/20791351
https://www.immoweb.be/en/classified/house/for-sale/lokeren/9160/20796943
https://www.immoweb.be/en/classified/house/for-sale/berchem/2600/20794893
https://www.immoweb.be/en/classified/house/for-sale/zemst/1981/20793188
https://www.immoweb.be/en/classified/apartment/for-sale/merksem/2170/20765514
https://www.immoweb.be/en/classified/apartment/for-sale/antwerpen/2020/20768434
https://www.immoweb.be/en/classified/apartment/for-sale/woluwe-saint-pierre/1150/20677740
https://www.immoweb.be/en/classified/duplex/for-sale/schaerbeek/1030/20758265
https://www.immoweb.be/en/classified/bungalow/for-sale/plombieres/4851/20652023
https://www.immoweb.be/en/classified/duplex/for-sale/orp-jauche/1350/20783006
https://www.immoweb.be/en/classified/apartment/for-sale/beveren-waas/9120/20785665
https://www.immoweb.be/en/classified/country-cottage/for-sale/chaumont-gistoux/1325/20697933
https://www.immoweb.be/en/classified/villa/for-sale/rixensart/1330/20421957
https://www.immoweb.be/en/classified/ground-floor/for-sale/woluwe-saint-pierre/1150/20782257
https://www.immoweb.be/en/classified/apartment/for-sale/knokke/8300/20783767
https://www.immoweb.be/en/classified/villa/for-sale/limal/1300/20721562
https://www.immoweb.be/en/classified/house/for-sale/uccle/1180/20428519
https://www.immoweb.be/en/classified/penthouse/for-sale/wilrijk/2610/20785454
https://www.immoweb.be/en/classified/apartment/for-sale/breendonk/2870/20792349
https://www.immoweb.be/en/classified/house/for-sale/seraing/4101/20771839
https://www.immoweb.be/en/classified/house/for-sale/dendermonde-mespelare/9200/20713583
https://www.immoweb.be/en/classified/apartment/for-sale/uccle/1180/20811265
https://www.immoweb.be/en/classified/house/for-sale/saint-ghislain-hautrage/7334/20811262
https://www.immoweb.be/en/classified/house/for-sale/bievene/1547/20811261
https://www.immoweb.be/en/classified/apartment/for-sale/de-haan/8420/20811259
https://www.immoweb.be/en/classified/apartment/for-sale/ravels/2380/20811258
https://www.immoweb.be/en/classified/flat-studio/for-sale/molenbeek-saint-jean/1080/20811251
https://www.immoweb.be/en/classified/apartment/for-sale/schaerbeek/1030/20811255
https://www.immoweb.be/en/classified/ground-floor/for-sale/schaerbeek/1030/20811248
https://www.immoweb.be/en/classified/house/for-sale/ronse/9600/20811247
https://www.immoweb.be/en/classified/apartment/for-sale/anderlecht/1070/20811245
https://www.immoweb.be/en/classified/apartment/for-sale/liege/4020/20811244
https://www.immoweb.be/en/classified/house/for-sale/andenne/5300/20811241
https://www.immoweb.be/en/classified/flat-studio/for-sale/antwerpen/2060/20811240
https://www.immoweb.be/en/classified/house/for-sale/ellezelles/7890/20783667
https://www.immoweb.be/en/classified/apartment/for-sale/bilzen/3740/20811239
https://www.immoweb.be/en/classified/exceptional-property/for-sale/riemst/3770/20811246
https://www.immoweb.be/en/classified/apartment/for-sale/blegny/4670/20811237
https://www.immoweb.be/en/classified/house/for-sale/vise/4600/20811238
https://www.immoweb.be/en/classified/house/for-sale/fraipont/4870/20811236
https://www.immoweb.be/en/classified/house/for-sale/sint-amandsberg/9040/20811234
https://www.immoweb.be/en/classified/house/for-sale/sint-truiden/3800/20337885
https://www.immoweb.be/en/classified/house/for-sale/bornem/2880/20811232
https://www.immoweb.be/en/classified/house/for-sale/merendree/9850/20811233
https://www.immoweb.be/en/classified/apartment/for-sale/leuven/3000/20811231
https://www.immoweb.be/en/classified/villa/for-sale/opwijk/1745/20811225
https://www.immoweb.be/en/classified/ground-floor/for-sale/seraing/4100/20811223
https://www.immoweb.be/en/classified/house/for-sale/sint-truiden/3800/20515395
https://www.immoweb.be/en/classified/apartment/for-sale/eeklo/9900/20811220
https://www.immoweb.be/en/classified/villa/for-sale/couillet/6010/20811218
https://www.immoweb.be/en/classified/house/for-sale/ronse/9600/20811217
https://www.immoweb.be/en/classified/house/for-sale/uccle/1180/20811679
https://www.immoweb.be/en/classified/apartment-block/for-sale/knokke-heist/8300/20811199
https://www.immoweb.be/en/classified/house/for-sale/ledegem/8880/20793462
https://www.immoweb.be/en/classified/house/for-sale/zedelgem/8211/20789404
https://www.immoweb.be/en/classified/house/for-sale/resteigne/6927/20794032
https://www.immoweb.be/en/classified/house/for-sale/werchter/3118/20791626
https://www.immoweb.be/en/classified/house/for-sale/rumbeke/8800/20788988
https://www.immoweb.be/en/classified/house/for-sale/diegem/1831/20789802
https://www.immoweb.be/en/classified/house/for-sale/sint-niklaas/9100/20793512
https://www.immoweb.be/en/classified/apartment-block/for-sale/izegem/8870/20790735
https://www.immoweb.be/en/classified/house/for-sale/anderlecht/1070/20791513
https://www.immoweb.be/en/classified/house/for-sale/herne/1540/20791075
https://www.immoweb.be/en/classified/house/for-sale/malle/2390/20792309
https://www.immoweb.be/en/classified/house/for-sale/lochristi/9080/20788987
https://www.immoweb.be/en/classified/villa/for-sale/diepenbeek/3590/20789606
https://www.immoweb.be/en/classified/flat-studio/for-sale/arlon/6700/20799887
https://www.immoweb.be/en/classified/apartment/for-sale/brugge-sint-michiels/8200/20800492
https://www.immoweb.be/en/classified/house/for-sale/soumagne/4630/20709725
https://www.immoweb.be/en/classified/apartment/for-sale/saint-gilles/1060/20799550
https://www.immoweb.be/en/classified/apartment/for-sale/berchem/2600/20752077
https://www.immoweb.be/en/classified/apartment/for-sale/bruxelles/1000/20817927
https://www.immoweb.be/en/classified/apartment/for-sale/flemalle-grande/4400/20818394
https://www.immoweb.be/en/classified/apartment/for-sale/bertrix/6880/20817347
https://www.immoweb.be/en/classified/duplex/for-sale/burcht/2070/20817786
https://www.immoweb.be/en/classified/apartment/for-sale/knokke-heist/8300/20818709
https://www.immoweb.be/en/classified/apartment/for-sale/oostende/8400/20766864
https://www.immoweb.be/en/classified/apartment/for-sale/oostende/8400/20768236
https://www.immoweb.be/en/classified/apartment/for-sale/blankenberge/8370/20769855
https://www.immoweb.be/en/classified/apartment/for-sale/hofstade/9308/20769281
https://www.immoweb.be/en/classified/house/for-sale/turnhout/2300/20803093
https://www.immoweb.be/en/classified/apartment/for-sale/bruxelles/1000/20811043
https://www.immoweb.be/en/classified/apartment/for-sale/knokke/8300/20811042
https://www.immoweb.be/en/classified/apartment/for-sale/liege/4031/20811038
https://www.immoweb.be/en/classified/house/for-sale/schelle/2627/20545379
https://www.immoweb.be/en/classified/apartment/for-sale/de-panne/8660/11084429
https://www.immoweb.be/en/classified/apartment/for-sale/roeselare/8800/20811058
https://www.immoweb.be/en/classified/house/for-sale/sint-truiden/3800/20278446
https://www.immoweb.be/en/classified/apartment/for-sale/gent/9000/20811035
https://www.immoweb.be/en/classified/mansion/for-sale/sint-truiden/3800/20793824
https://www.immoweb.be/en/classified/house/for-sale/sint-martens-latem/9830/20811034
https://www.immoweb.be/en/classified/apartment/for-sale/knokke-heist/8300/20811032
https://www.immoweb.be/en/classified/house/for-sale/roeselare/8800/20811031
https://www.immoweb.be/en/classified/house/for-sale/roeselare/8800/20811030
https://www.immoweb.be/en/classified/loft/for-sale/bruxelles/1080/20811024
https://www.immoweb.be/en/classified/service-flat/for-sale/tielt/8700/20811018
https://www.immoweb.be/en/classified/apartment/for-sale/roeselare/8800/20811022
https://www.immoweb.be/en/classified/ground-floor/for-sale/roeselare/8800/20811019
https://www.immoweb.be/en/classified/house/for-sale/roeselare/8800/20811017
https://www.immoweb.be/en/classified/apartment/for-sale/roeselare/8800/20811016
https://www.immoweb.be/en/classified/house/for-sale/roeselare/8800/20811015
https://www.immoweb.be/en/classified/house/for-sale/sint-michiels/8200/20811012
https://www.immoweb.be/en/classified/duplex/for-sale/tielt-winge/3390/20811010
https://www.immoweb.be/en/classified/ground-floor/for-sale/sint-pauwels/9170/20811008
https://www.immoweb.be/en/classified/new-real-estate-project-apartments/for-sale/uccle/1180/20811004
https://www.immoweb.be/en/classified/penthouse/for-sale/oostende/8400/20811003
https://www.immoweb.be/en/classified/mixed-use-building/for-sale/dour/7370/20811002
https://www.immoweb.be/en/classified/apartment/for-sale/frameries/7080/20811000
https://www.immoweb.be/en/classified/house/for-sale/boussu/7301/20810997
https://www.immoweb.be/en/classified/house/for-sale/mechelen/2800/20810995
https://www.immoweb.be/en/classified/apartment/for-sale/knokke-heist/8300/20810224
https://www.immoweb.be/en/classified/apartment/for-sale/sint-truiden/3800/20800037
https://www.immoweb.be/en/classified/house/for-sale/villers-la-ville/1495/20801168
https://www.immoweb.be/en/classified/villa/for-sale/braine-lalleud/1420/20800143
https://www.immoweb.be/en/classified/penthouse/for-sale/sint-truiden/3800/20800039
https://www.immoweb.be/en/classified/penthouse/for-sale/sint-truiden/3800/20800027
https://www.immoweb.be/en/classified/penthouse/for-sale/sint-truiden/3800/20800034
https://www.immoweb.be/en/classified/penthouse/for-sale/sint-truiden/3800/20800026
https://www.immoweb.be/en/classified/penthouse/for-sale/sint-truiden/3800/20800032
https://www.immoweb.be/en/classified/villa/for-sale/waterloo-waterloo/1410/20801263
https://www.immoweb.be/en/classified/penthouse/for-sale/sint-truiden/3800/20800035
https://www.immoweb.be/en/classified/house/for-sale/relegem/1731/20799728
https://www.immoweb.be/en/classified/house/for-sale/avelgem/8580/20762924
https://www.immoweb.be/en/classified/house/for-sale/liege/4020/20663971
https://www.immoweb.be/en/classified/house/for-sale/deinze/9800/20467359
https://www.immoweb.be/en/classified/house/for-sale/ronse/9600/20730175
https://www.immoweb.be/en/classified/house/for-sale/zottegem/9620/20580010
https://www.immoweb.be/en/classified/mixed-use-building/for-sale/ronse/9600/20763416
https://www.immoweb.be/en/classified/house/for-sale/westouter/8954/20622652
https://www.immoweb.be/en/classified/house/for-sale/zottegem/9620/20773330
https://www.immoweb.be/en/classified/house/for-sale/liege/4000/20662890
https://www.immoweb.be/en/classified/house/for-sale/boutersem-vertrijk/3370/20774887
https://www.immoweb.be/en/classified/house/for-sale/bruxelles/1020/20778170
https://www.immoweb.be/en/classified/house/for-sale/melreux/6990/20773114
https://www.immoweb.be/en/classified/town-house/for-sale/kortrijk/8500/20733688
https://www.immoweb.be/en/classified/house/for-sale/lessines/7860/20715852
https://www.immoweb.be/en/classified/house/for-sale/lessines/7863/20715594
https://www.immoweb.be/en/classified/house/for-sale/huy/4500/20717248
https://www.immoweb.be/en/classified/house/for-sale/geraardsbergen/9500/20753098
https://www.immoweb.be/en/classified/villa/for-sale/zwalm/9630/20549544
https://www.immoweb.be/en/classified/house/for-sale/musson/6750/20753404
https://www.immoweb.be/en/classified/house/for-sale/anderlecht/1070/20809039
https://www.immoweb.be/en/classified/penthouse/for-sale/woluwe-saint-lambert/1200/20809037
https://www.immoweb.be/en/classified/house/for-sale/harelbeke/8530/20809036
https://www.immoweb.be/en/classified/apartment/for-sale/middelkerke/8430/20809033
https://www.immoweb.be/en/classified/house/for-sale/pont-a-celles/6230/20809032
https://www.immoweb.be/en/classified/house/for-sale/oostende/8400/20809027
https://www.immoweb.be/en/classified/house/for-sale/hooglede/8830/20809026
https://www.immoweb.be/en/classified/house/for-sale/luttre/6238/20809025
https://www.immoweb.be/en/classified/house/for-sale/wakken/8720/20809024
https://www.immoweb.be/en/classified/apartment/for-sale/koksijde/8670/20809022
https://www.immoweb.be/en/classified/house/for-sale/oudenaarde/9700/20809019
https://www.immoweb.be/en/classified/apartment/for-sale/bredene/8450/20809017
https://www.immoweb.be/en/classified/house/for-sale/schoten/2900/20809013
https://www.immoweb.be/en/classified/house/for-sale/hasselt/3500/20809011
https://www.immoweb.be/en/classified/house/for-sale/mouscron/7700/20809009
https://www.immoweb.be/en/classified/apartment/for-sale/bredene/8450/20809008
https://www.immoweb.be/en/classified/apartment/for-sale/dendermonde/9200/20809004
https://www.immoweb.be/en/classified/house/for-sale/dendermonde/9200/20809001
https://www.immoweb.be/en/classified/apartment/for-sale/bredene/8450/20809000
https://www.immoweb.be/en/classified/flat-studio/for-sale/oostende/8400/20808998
https://www.immoweb.be/en/classified/new-real-estate-project-houses/for-sale/lommel/3920/20808996
https://www.immoweb.be/en/classified/house/for-sale/mettet/5640/20328838
https://www.immoweb.be/en/classified/apartment/for-sale/de-haan/8420/20808995
https://www.immoweb.be/en/classified/apartment/for-sale/lokeren/9160/20808992
https://www.immoweb.be/en/classified/apartment/for-sale/bredene/8450/20808991
https://www.immoweb.be/en/classified/house/for-sale/zedelgem/8210/20808988
https://www.immoweb.be/en/classified/house/for-sale/gavere/9890/20808987
https://www.immoweb.be/en/classified/new-real-estate-project-houses/for-sale/bekkevoort/3460/20808980
https://www.immoweb.be/en/classified/apartment-block/for-sale/woluwe-saint-pierre/1150/20808978
https://www.immoweb.be/en/classified/house/for-sale/kester/1755/20808974
https://www.immoweb.be/en/classified/apartment/for-sale/flemalle/4400/20812405
https://www.immoweb.be/en/classified/apartment/for-sale/oostende/8400/20810359
https://www.immoweb.be/en/classified/apartment/for-sale/leuven/3000/20811987
https://www.immoweb.be/en/classified/apartment/for-sale/berchem-2600/2600/20756077
https://www.immoweb.be/en/classified/apartment/for-sale/deurne/2100/20758457
https://www.immoweb.be/en/classified/apartment/for-sale/deurne/2100/20758501
https://www.immoweb.be/en/classified/apartment/for-sale/deurne/2100/20758502
https://www.immoweb.be/en/classified/apartment/for-sale/deurne/2100/20759923
https://www.immoweb.be/en/classified/apartment/for-sale/deurne-2100/2100/11381060
https://www.immoweb.be/en/classified/house/for-sale/izegem/8870/20802706
https://www.immoweb.be/en/classified/apartment/for-sale/tielt-8700/8700/20775176
https://www.immoweb.be/en/classified/apartment/for-sale/antwerpen-2050/2050/20776269
https://www.immoweb.be/en/classified/house/for-sale/amay/4540/20803962
https://www.immoweb.be/en/classified/house/for-sale/sint-martens-latem/9831/20801889
https://www.immoweb.be/en/classified/house/for-sale/puurs/2870/20802288
https://www.immoweb.be/en/classified/house/for-sale/leuven/3000/20804043
https://www.immoweb.be/en/classified/apartment/for-sale/erpent/5101/20780989
https://www.immoweb.be/en/classified/house/for-sale/herentals/2200/20783893
https://www.immoweb.be/en/classified/house/for-sale/seraing/4100/20781520
https://www.immoweb.be/en/classified/house/for-sale/slins/4450/20780715
https://www.immoweb.be/en/classified/apartment/for-sale/liege/4020/20781935
https://www.immoweb.be/en/classified/apartment/for-sale/forest/1190/20783439
https://www.immoweb.be/en/classified/house/for-sale/paal/3583/20784836
https://www.immoweb.be/en/classified/house/for-sale/koningshooikt/2500/20782037
https://www.immoweb.be/en/classified/bungalow/for-sale/wavre/1300/20642032
https://www.immoweb.be/en/classified/bungalow/for-sale/burst/9420/20760655
https://www.immoweb.be/en/classified/house/for-sale/dendermonde-mespelare/9200/20713584
https://www.immoweb.be/en/classified/house/for-sale/beerse/2340/20766919
https://www.immoweb.be/en/classified/mixed-use-building/for-sale/beerse/2340/20766915
https://www.immoweb.be/en/classified/house/for-sale/watermael-boitsfort/1170/20755047
https://www.immoweb.be/en/classified/house/for-sale/peruwelz/7600/20809312
https://www.immoweb.be/en/classified/house/for-sale/peruwelz/7600/20809311
https://www.immoweb.be/en/classified/country-cottage/for-sale/gouvy/6673/20809310
https://www.immoweb.be/en/classified/house/for-sale/liege/4020/20809308
https://www.immoweb.be/en/classified/apartment/for-sale/lier/2500/20809306
https://www.immoweb.be/en/classified/mixed-use-building/for-sale/malonne/5020/20809303
https://www.immoweb.be/en/classified/house/for-sale/namur/5000/20809302
https://www.immoweb.be/en/classified/house/for-sale/erpe/9420/20809298
https://www.immoweb.be/en/classified/house/for-sale/brakel/9660/20809297
https://www.immoweb.be/en/classified/house/for-sale/geraardsbergen/9500/20809296
https://www.immoweb.be/en/classified/apartment/for-sale/kontich/2550/20809295
https://www.immoweb.be/en/classified/house/for-sale/mechelen/2800/20809294
https://www.immoweb.be/en/classified/ground-floor/for-sale/bruxelles/1000/20809290
https://www.immoweb.be/en/classified/house/for-sale/juprelle/4450/20809289
https://www.immoweb.be/en/classified/house/for-sale/edegem/2650/20809285
https://www.immoweb.be/en/classified/new-real-estate-project-houses/for-sale/antwerp-5/2050/20809282
https://www.immoweb.be/en/classified/house/for-sale/schilde/2970/20809281
https://www.immoweb.be/en/classified/new-real-estate-project-apartments/for-sale/antwerp-5/2050/20809275
https://www.immoweb.be/en/classified/house/for-sale/meise-meise/1860/20803669
https://www.immoweb.be/en/classified/house/for-sale/kapelle-op-den-bos-kapelle-op-den-bos/1880/20802287
https://www.immoweb.be/en/classified/house/for-sale/meise/1860/20800153
https://www.immoweb.be/en/classified/house/for-sale/meise/1860/20799547
https://www.immoweb.be/en/classified/house/for-sale/merchtem-merchtem/1785/20770978
https://www.immoweb.be/en/classified/house/for-sale/meise/1860/20708768
https://www.immoweb.be/en/classified/house/for-sale/vilvoorde-vilvoorde/1800/20652216
https://www.immoweb.be/en/classified/apartment/for-sale/vilvoorde/1800/20652215
https://www.immoweb.be/en/classified/mixed-use-building/for-sale/vilvoorde/1800/20651670
https://www.immoweb.be/en/classified/house/for-sale/vilvoorde-vilvoorde/1800/20799541
https://www.immoweb.be/en/classified/house/for-sale/vilvoorde/1800/20795961
https://www.immoweb.be/en/classified/house/for-sale/vilvoorde/1800/20799540
https://www.immoweb.be/en/classified/new-real-estate-project-houses/for-sale/waardamme/8020/20201276
https://www.immoweb.be/en/classified/new-real-estate-project-houses/for-sale/sijsele/8340/11313862
https://www.immoweb.be/en/classified/new-real-estate-project-apartments/for-sale/sint-gillis-waas/9170/20245624
https://www.immoweb.be/en/classified/new-real-estate-project-apartments/for-sale/merelbeke/9820/20160177
https://www.immoweb.be/en/classified/new-real-estate-project-houses/for-sale/nivelles/1400/20235650
https://www.immoweb.be/en/classified/new-real-estate-project-apartments/for-sale/willebroek/2830/10520766
https://www.immoweb.be/en/classified/new-real-estate-project-houses/for-sale/lokeren/9160/20375717
https://www.immoweb.be/en/classified/new-real-estate-project-houses/for-sale/waardamme/8020/20201277
https://www.immoweb.be/en/classified/new-real-estate-project-houses/for-sale/schelle/2627/20736345
https://www.immoweb.be/en/classified/new-real-estate-project-houses/for-sale/soignies/7060/10740546
https://www.immoweb.be/en/classified/new-real-estate-project-houses/for-sale/orp-le-grand/1350/11344110
https://www.immoweb.be/en/classified/new-real-estate-project-houses/for-sale/lichtervelde/8810/20242879
https://www.immoweb.be/en/classified/new-real-estate-project-houses/for-sale/sijsele/8340/20722002
https://www.immoweb.be/en/classified/new-real-estate-project-houses/for-sale/gistel/8470/20545793
https://www.immoweb.be/en/classified/new-real-estate-project-houses/for-sale/wevelgem/8560/10229995
https://www.immoweb.be/en/classified/new-real-estate-project-apartments/for-sale/evere/1140/20557491
https://www.immoweb.be/en/classified/new-real-estate-project-apartments/for-sale/haasrode/3053/20517162
https://www.immoweb.be/en/classified/new-real-estate-project-apartments/for-sale/gent/9050/20461547
https://www.immoweb.be/en/classified/new-real-estate-project-houses/for-sale/machelen-9870/9870/20376188
https://www.immoweb.be/en/classified/new-real-estate-project-houses/for-sale/haaltert/9450/10885403
https://www.immoweb.be/en/classified/new-real-estate-project-houses/for-sale/deinze/9800/20206883
https://www.immoweb.be/en/classified/new-real-estate-project-apartments/for-sale/bruxelles/1000/20594037
https://www.immoweb.be/en/classified/new-real-estate-project-houses/for-sale/lokeren/9160/20375699
https://www.immoweb.be/en/classified/new-real-estate-project-houses/for-sale/beernem/8730/20347618
https://www.immoweb.be/en/classified/new-real-estate-project-apartments/for-sale/koksijde/8670/10995273
https://www.immoweb.be/en/classified/new-real-estate-project-houses/for-sale/sint-amands/2890/20735920
https://www.immoweb.be/en/classified/new-real-estate-project-houses/for-sale/meulebeke/8760/20530590
https://www.immoweb.be/en/classified/new-real-estate-project-houses/for-sale/aalter/9880/20621710
https://www.immoweb.be/en/classified/new-real-estate-project-apartments/for-sale/oostende/8400/9914565
https://www.immoweb.be/en/classified/new-real-estate-project-houses/for-sale/tielt-8700/8700/20504557
https://www.immoweb.be/en/classified/villa/for-sale/anderlecht/1070/20806541
https://www.immoweb.be/en/classified/villa/for-sale/pelt/3910/20806539
https://www.immoweb.be/en/classified/flat-studio/for-sale/leuven/3000/20806535
https://www.immoweb.be/en/classified/apartment/for-sale/ixelles/1050/20806534
https://www.immoweb.be/en/classified/apartment/for-sale/ixelles/1050/20806531
https://www.immoweb.be/en/classified/apartment/for-sale/watermael-boitsfort/1170/20806532
https://www.immoweb.be/en/classified/ground-floor/for-sale/brasschaat-brasschaat/2930/20806529
https://www.immoweb.be/en/classified/house/for-sale/oudenaarde/9700/20806528
https://www.immoweb.be/en/classified/kot/for-sale/antwerpen/2000/20806527
https://www.immoweb.be/en/classified/house/for-sale/harelbeke/8530/20806525
https://www.immoweb.be/en/classified/house/for-sale/braine-le-comte/7090/20806521
https://www.immoweb.be/en/classified/house/for-sale/wilrijk/2610/20806517
https://www.immoweb.be/en/classified/house/for-sale/moorsele/8560/20806513
https://www.immoweb.be/en/classified/duplex/for-sale/bruxelles/1000/20806511
https://www.immoweb.be/en/classified/house/for-sale/mol/2400/20784149
https://www.immoweb.be/en/classified/apartment/for-sale/liege/4020/20806508
https://www.immoweb.be/en/classified/country-cottage/for-sale/rendeux/6987/20667067
https://www.immoweb.be/en/classified/house/for-sale/zedelgem/8210/20806493
https://www.immoweb.be/en/classified/apartment/for-sale/namur/5024/20806492
https://www.immoweb.be/en/classified/apartment/for-sale/gullegem/8560/20806491
https://www.immoweb.be/en/classified/house/for-sale/rochefort/5580/20806490
https://www.immoweb.be/en/classified/house/for-sale/poperinge/8972/20438141
https://www.immoweb.be/en/classified/house/for-sale/bonheiden/2820/20806487
https://www.immoweb.be/en/classified/house/for-sale/jette/1090/20806485
https://www.immoweb.be/en/classified/house/for-sale/begijnendijk/3130/20806483
https://www.immoweb.be/en/classified/house/for-sale/brugge/8000/20806482
https://www.immoweb.be/en/classified/house/for-sale/antwerpen/2020/20806481
https://www.immoweb.be/en/classified/apartment/for-sale/gistel/8470/20806469
https://www.immoweb.be/en/classified/new-real-estate-project-apartments/for-sale/forest/1190/20806458
https://www.immoweb.be/en/classified/new-real-estate-project-apartments/for-sale/anderlecht/1070/20806450
https://www.immoweb.be/en/classified/villa/for-sale/walcourt/5650/20810323
https://www.immoweb.be/en/classified/house/for-sale/heldergem/9450/20811668
https://www.immoweb.be/en/classified/mixed-use-building/for-sale/roosdaal/1760/20806428
https://www.immoweb.be/en/classified/mixed-use-building/for-sale/desselgem/8792/20809563
https://www.immoweb.be/en/classified/house/for-sale/watermaal-bosvoorde/1170/20804857
https://www.immoweb.be/en/classified/house/for-sale/wemmel/1780/20810274
https://www.immoweb.be/en/classified/house/for-sale/gent/9000/20807946
https://www.immoweb.be/en/classified/mixed-use-building/for-sale/la-louviere/7100/20789235
https://www.immoweb.be/en/classified/house/for-sale/braives/4260/20785517
https://www.immoweb.be/en/classified/mansion/for-sale/aalst-9300/9300/20787484
https://www.immoweb.be/en/classified/house/for-sale/aubange/6790/20790450
https://www.immoweb.be/en/classified/house/for-sale/haacht/3150/20788659
https://www.immoweb.be/en/classified/house/for-sale/leeuw-saint-pierre/1600/20788680
https://www.immoweb.be/en/classified/bungalow/for-sale/sint-pieters-leeuw/1600/20785321
https://www.immoweb.be/en/classified/villa/for-sale/rhode-saint-genese/1640/20787807
https://www.immoweb.be/en/classified/house/for-sale/nandrin/4550/20791004
https://www.immoweb.be/en/classified/flat-studio/for-sale/bruxelles/1000/20818259
https://www.immoweb.be/en/classified/ground-floor/for-sale/schaerbeek/1030/20732572
https://www.immoweb.be/en/classified/apartment/for-sale/deurne/2100/20758461
https://www.immoweb.be/en/classified/apartment/for-sale/deurne/2100/20758456
https://www.immoweb.be/en/classified/apartment/for-sale/geer/4252/20769506
https://www.immoweb.be/en/classified/apartment/for-sale/berchem/2600/20778927
https://www.immoweb.be/en/classified/apartment/for-sale/mortsel/2640/20777899
https://www.immoweb.be/en/classified/apartment/for-sale/assebroek/8310/20785932
https://www.immoweb.be/en/classified/flat-studio/for-sale/leuven/3000/20791423
https://www.immoweb.be/en/classified/apartment/for-sale/bertrix/6880/20785025
https://www.immoweb.be/en/classified/ground-floor/for-sale/leuven/3000/20785196
https://www.immoweb.be/en/classified/apartment/for-sale/berchem-2600/2600/20785962
https://www.immoweb.be/en/classified/apartment/for-sale/brussel/1000/20791569
https://www.immoweb.be/en/classified/apartment/for-sale/knokke-heist/8300/20786632
https://www.immoweb.be/en/classified/duplex/for-sale/gavere/9890/20810806
https://www.immoweb.be/en/classified/duplex/for-sale/gavere/9890/20810803
https://www.immoweb.be/en/classified/apartment/for-sale/gavere/9890/20810802
https://www.immoweb.be/en/classified/new-real-estate-project-houses/for-sale/gavere/9890/20810792
https://www.immoweb.be/en/classified/new-real-estate-project-apartments/for-sale/gavere/9890/20810757
https://www.immoweb.be/en/classified/apartment/for-sale/arlon/6700/20810756
https://www.immoweb.be/en/classified/apartment/for-sale/namur/5000/20810755
https://www.immoweb.be/en/classified/house/for-sale/buggenhout/9255/20810754
https://www.immoweb.be/en/classified/new-real-estate-project-apartments/for-sale/schaerbeek/1030/20810741
https://www.immoweb.be/en/classified/penthouse/for-sale/woluwe-saint-lambert/1200/20810740
https://www.immoweb.be/en/classified/apartment/for-sale/woluwe-saint-pierre/1150/20810736
https://www.immoweb.be/en/classified/apartment-block/for-sale/trooz/4870/20810735
https://www.immoweb.be/en/classified/house/for-sale/chaudfontaine/4050/20810734
https://www.immoweb.be/en/classified/penthouse/for-sale/anderlecht/1070/20810732
https://www.immoweb.be/en/classified/duplex/for-sale/anderlecht/1070/20810733
https://www.immoweb.be/en/classified/house/for-sale/geetbets/3450/20810730
https://www.immoweb.be/en/classified/house/for-sale/geetbets/3450/20810729
https://www.immoweb.be/en/classified/house/for-sale/knokke-heist/8300/20810727
https://www.immoweb.be/en/classified/apartment/for-sale/oupeye-hermalle-sous-argenteau/4681/20810726
https://www.immoweb.be/en/classified/apartment/for-sale/bruxelles/1180/20810724
https://www.immoweb.be/en/classified/new-real-estate-project-apartments/for-sale/sint-job-in-t-goor/2960/20810722
https://www.immoweb.be/en/classified/flat-studio/for-sale/anderlecht/1070/20810721
https://www.immoweb.be/en/classified/apartment/for-sale/boom/2850/20810720
https://www.immoweb.be/en/classified/apartment/for-sale/neder-over-heembeek/1120/20810719
https://www.immoweb.be/en/classified/apartment/for-sale/knokke-heist/8301/20810718
https://www.immoweb.be/en/classified/apartment/for-sale/anderlecht/1070/20810717
https://www.immoweb.be/en/classified/house/for-sale/pont-a-celles/6230/20810716
https://www.immoweb.be/en/classified/house/for-sale/kampenhout/1910/20810713
https://www.immoweb.be/en/classified/apartment/for-sale/molenbeek-saint-jean/1080/20810712
https://www.immoweb.be/en/classified/apartment/for-sale/bruxelles/1030/20810709
https://www.immoweb.be/en/classified/other-property/for-sale/pelt/3910/20772278
https://www.immoweb.be/en/classified/house/for-sale/diksmuide/8600/20790803
https://www.immoweb.be/en/classified/house/for-sale/gistel/8470/20813320
https://www.immoweb.be/en/classified/apartment-block/for-sale/hastiere/5540/20815902
https://www.immoweb.be/en/classified/house/for-sale/boom/2850/20815488
https://www.immoweb.be/en/classified/house/for-sale/geraardsbergen/9500/20816188
https://www.immoweb.be/en/classified/house/for-sale/heist-op-den-berg/2220/20814211
https://www.immoweb.be/en/classified/house/for-sale/knokke-heist/8301/20815950
https://www.immoweb.be/en/classified/house/for-sale/dendermonde-baasrode/9200/20815602
https://www.immoweb.be/en/classified/house/for-sale/dendermonde-baasrode/9200/20815537
https://www.immoweb.be/en/classified/mixed-use-building/for-sale/genval/1332/20815970
https://www.immoweb.be/en/classified/house/for-sale/failon/5370/20814781
https://www.immoweb.be/en/classified/house/for-sale/stabroek/2940/20814026
https://www.immoweb.be/en/classified/villa/for-sale/de-panne/8660/20814383
https://www.immoweb.be/en/classified/villa/for-sale/roeselare/8800/20813870
https://www.immoweb.be/en/classified/house/for-sale/meise/1860/20816081
https://www.immoweb.be/en/classified/house/for-sale/koksijde/8670/20815947
https://www.immoweb.be/en/classified/house/for-sale/lissewege/8380/20813375
https://www.immoweb.be/en/classified/house/for-sale/roeselare/8800/20795474
https://www.immoweb.be/en/classified/apartment/for-sale/oostkamp/8020/20759076
https://www.immoweb.be/en/classified/ground-floor/for-sale/brasschaat/2930/20761716
https://www.immoweb.be/en/classified/villa/for-sale/wellen/3830/20794377
https://www.immoweb.be/en/classified/apartment/for-sale/uccle/1180/20816239
https://www.immoweb.be/en/classified/house/for-sale/leffinge/8432/20792070
https://www.immoweb.be/en/classified/town-house/for-sale/mortsel/2640/20796909
https://www.immoweb.be/en/classified/house/for-sale/herdersem/9310/20701736
https://www.immoweb.be/en/classified/apartment-block/for-sale/sint-andries/8200/20797549
https://www.immoweb.be/en/classified/house/for-sale/evergem/9940/20795835
https://www.immoweb.be/en/classified/penthouse/for-sale/aalter/9880/20816749
https://www.immoweb.be/en/classified/house/for-sale/gentbrugge/9050/20793308
https://www.immoweb.be/en/classified/house/for-sale/bullange/4760/20805461
https://www.immoweb.be/en/classified/house/for-sale/elewijt/1982/20805460
https://www.immoweb.be/en/classified/apartment/for-sale/zwijndrecht/2070/20805459
https://www.immoweb.be/en/classified/house/for-sale/lebbeke-lebbeke/9280/20805458
https://www.immoweb.be/en/classified/house/for-sale/menen/8930/20805456
https://www.immoweb.be/en/classified/apartment/for-sale/mons/7033/20805455
https://www.immoweb.be/en/classified/house/for-sale/marchin/4570/20805454
https://www.immoweb.be/en/classified/apartment/for-sale/zonhoven/3520/20805453
https://www.immoweb.be/en/classified/house/for-sale/geraardsbergen/9500/20805449
https://www.immoweb.be/en/classified/apartment/for-sale/geraardsbergen/9500/20805450
https://www.immoweb.be/en/classified/house/for-sale/onkerzele/9500/20787397
https://www.immoweb.be/en/classified/house/for-sale/aalst/9300/20805447
https://www.immoweb.be/en/classified/mixed-use-building/for-sale/aalst/9300/20805446
https://www.immoweb.be/en/classified/mixed-use-building/for-sale/aalst-baardegem/9310/20805445
https://www.immoweb.be/en/classified/house/for-sale/namur-daussoulx/5020/20805442
https://www.immoweb.be/en/classified/apartment/for-sale/ixelles/1050/20805441
https://www.immoweb.be/en/classified/duplex/for-sale/bruxelles/1000/20805440
https://www.immoweb.be/en/classified/penthouse/for-sale/charleroi/6001/20805439
https://www.immoweb.be/en/classified/country-cottage/for-sale/trois-ponts/4980/20703404
https://www.immoweb.be/en/classified/house/for-sale/jambes/5100/20805436
https://www.immoweb.be/en/classified/apartment/for-sale/etterbeek/1040/20805435
https://www.immoweb.be/en/classified/farmhouse/for-sale/haillot/5351/20778171
https://www.immoweb.be/en/classified/villa/for-sale/grez-doiceau/1390/20805434
https://www.immoweb.be/en/classified/house/for-sale/ixelles/1050/20805433
https://www.immoweb.be/en/classified/house/for-sale/stabroek/2940/20801098
https://www.immoweb.be/en/classified/apartment/for-sale/nieuwpoort/8620/20805427
https://www.immoweb.be/en/classified/duplex/for-sale/zaventem-sterrebeek/1933/20805426
https://www.immoweb.be/en/classified/apartment/for-sale/jette/1090/20482085
https://www.immoweb.be/en/classified/bungalow/for-sale/rixensart/1331/20805423
https://www.immoweb.be/en/classified/apartment/for-sale/neufchateau/6840/20805421
https://www.immoweb.be/en/classified/new-real-estate-project-houses/for-sale/zaventem-sterrebeek/1933/11018115
https://www.immoweb.be/en/classified/new-real-estate-project-apartments/for-sale/ixelles/1050/10588767
https://www.immoweb.be/en/classified/apartment/for-sale/borgerhout/2140/20752078
https://www.immoweb.be/en/classified/loft/for-sale/forest/1190/20580757
https://www.immoweb.be/en/classified/ground-floor/for-sale/profondeville/5170/20770513
https://www.immoweb.be/en/classified/apartment/for-sale/kortrijk/8500/20818080
https://www.immoweb.be/en/classified/apartment/for-sale/kortrijk/8500/20818081
https://www.immoweb.be/en/classified/house/for-sale/oudenaarde/9700/20776924
https://www.immoweb.be/en/classified/apartment/for-sale/brugge-sint-kruis/8310/20642041
https://www.immoweb.be/en/classified/apartment/for-sale/ledeberg/9050/20768334
https://www.immoweb.be/en/classified/apartment/for-sale/woluwe-saint-lambert/1200/20818417
https://www.immoweb.be/en/classified/house/for-sale/dworp/1653/20774532
https://www.immoweb.be/en/classified/apartment/for-sale/aalst/9300/20818192
https://www.immoweb.be/en/classified/apartment/for-sale/de-haan/8420/20766832
https://www.immoweb.be/en/classified/duplex/for-sale/ixelles/1050/20817183
https://www.immoweb.be/en/classified/villa/for-sale/blegny/4670/20645769
https://www.immoweb.be/en/classified/villa/for-sale/wommelgem/2160/20777706
https://www.immoweb.be/en/classified/apartment/for-sale/knokke-heist/8300/20766153
https://www.immoweb.be/en/classified/apartment/for-sale/oostende/8400/20765586
https://www.immoweb.be/en/classified/house/for-sale/sint-niklaas/9100/20805668
https://www.immoweb.be/en/classified/house/for-sale/saint-nicolas-saint-nicolas/4420/20805842
https://www.immoweb.be/en/classified/house/for-sale/herent-herent/3020/20810558
https://www.immoweb.be/en/classified/house/for-sale/hoboken/2660/20807901
https://www.immoweb.be/en/classified/house/for-sale/tongeren/3700/20806632
https://www.immoweb.be/en/classified/house/for-sale/grandmenil/6960/20810960
https://www.immoweb.be/en/classified/house/for-sale/knesselare/9910/20808025
https://www.immoweb.be/en/classified/house/for-sale/weelde/2381/20806370
https://www.immoweb.be/en/classified/house/for-sale/denderleeuw/9473/20809585
https://www.immoweb.be/en/classified/house/for-sale/zerkegem-jabbeke/8490/20808907
https://www.immoweb.be/en/classified/house/for-sale/geraardsbergen/9500/20809296
https://www.immoweb.be/en/classified/apartment-block/for-sale/berchem-sainte-agathe/1082/20805837
https://www.immoweb.be/en/classified/house/for-sale/klein-sinaai/9190/11232468
https://www.immoweb.be/en/classified/house/for-sale/saint-vith/4780/20738617
https://www.immoweb.be/en/classified/ground-floor/for-sale/longwy/54400/20798064
https://www.immoweb.be/en/classified/house/for-sale/langdorp/3201/20805831
https://www.immoweb.be/en/classified/flat-studio/for-sale/saint-gilles/1060/20805826
https://www.immoweb.be/en/classified/house/for-sale/tournai/7500/20805824
https://www.immoweb.be/en/classified/apartment/for-sale/kessel/2560/20805823
https://www.immoweb.be/en/classified/house/for-sale/wandre/4020/20805819
https://www.immoweb.be/en/classified/apartment/for-sale/bellegem/8510/20805812
https://www.immoweb.be/en/classified/apartment/for-sale/bellegem/8510/20805811
https://www.immoweb.be/en/classified/house/for-sale/ath/7800/20805808
https://www.immoweb.be/en/classified/apartment/for-sale/antwerpen/2020/20805807
https://www.immoweb.be/en/classified/apartment/for-sale/antwerpen/2018/20805806
https://www.immoweb.be/en/classified/house/for-sale/de-klinge/9170/20805802
https://www.immoweb.be/en/classified/house/for-sale/momignies/6590/20805799
https://www.immoweb.be/en/classified/house/for-sale/momignies/6590/20805800
https://www.immoweb.be/en/classified/house/for-sale/hoboken/2660/20805798
https://www.immoweb.be/en/classified/apartment/for-sale/malmedy/4960/20805796
https://www.immoweb.be/en/classified/house/for-sale/hauset/4730/20805797
https://www.immoweb.be/en/classified/villa/for-sale/beveren-waas/9120/20805793
https://www.immoweb.be/en/classified/house/for-sale/tienen/3300/20805792
https://www.immoweb.be/en/classified/ground-floor/for-sale/temse/9140/20805790
https://www.immoweb.be/en/classified/house/for-sale/heusden-zolder/3550/20805789
https://www.immoweb.be/en/classified/villa/for-sale/tremelo/3120/20805786
https://www.immoweb.be/en/classified/apartment/for-sale/mechelen/2800/20805785
https://www.immoweb.be/en/classified/flat-studio/for-sale/blankenberge/8370/20805783
https://www.immoweb.be/en/classified/apartment/for-sale/molenbeek/1080/20805784
https://www.immoweb.be/en/classified/apartment/for-sale/harelbeke/8530/20805782
https://www.immoweb.be/en/classified/house/for-sale/sint-michiels/8200/20805781
https://www.immoweb.be/en/classified/apartment/for-sale/hoboken/2660/20791007
https://www.immoweb.be/en/classified/house/for-sale/adegem/9991/20792670
https://www.immoweb.be/en/classified/apartment/for-sale/grimbergen/1853/20786478
https://www.immoweb.be/en/classified/apartment/for-sale/oostkamp/8020/20790306
https://www.immoweb.be/en/classified/apartment-block/for-sale/boom/2850/20796791
https://www.immoweb.be/en/classified/house/for-sale/boom/2850/20796790
https://www.immoweb.be/en/classified/house/for-sale/kapellen/2950/20796209
https://www.immoweb.be/en/classified/house/for-sale/galmaarden/1570/20796914
https://www.immoweb.be/en/classified/house/for-sale/sint-katelijne-waver/2860/20795118
https://www.immoweb.be/en/classified/house/for-sale/lochristi/9080/20794394
https://www.immoweb.be/en/classified/villa/for-sale/heule/8501/20793324
https://www.immoweb.be/en/classified/apartment-block/for-sale/gent/9000/20793893
https://www.immoweb.be/en/classified/villa/for-sale/aartselaar/2630/20795621
https://www.immoweb.be/en/classified/house/for-sale/uccle/1180/20796424
https://www.immoweb.be/en/classified/house/for-sale/durbuy/6940/20796333
https://www.immoweb.be/en/classified/house/for-sale/sint-katelijne-waver/2860/20791553
https://www.immoweb.be/en/classified/apartment-block/for-sale/wilrijk/2610/20759283
https://www.immoweb.be/en/classified/new-real-estate-project-apartments/for-sale/poperinge/8970/20372997
https://www.immoweb.be/en/classified/duplex/for-sale/dinant/5500/20802980
https://www.immoweb.be/en/classified/apartment/for-sale/dinant/5500/20802690
https://www.immoweb.be/en/classified/flat-studio/for-sale/evere/1140/20803740
https://www.immoweb.be/en/classified/house/for-sale/perwez/1360/20506152
https://www.immoweb.be/en/classified/apartment/for-sale/bruxelles/1020/20803222
https://www.immoweb.be/en/classified/house/for-sale/waterloo/1410/20620368
https://www.immoweb.be/en/classified/apartment/for-sale/oedelem/8730/20804159
https://www.immoweb.be/en/classified/apartment/for-sale/oedelem/8730/20804136
https://www.immoweb.be/en/classified/apartment-block/for-sale/antwerpen/2000/20611648
https://www.immoweb.be/en/classified/service-flat/for-sale/gent-9000/9000/20803422
https://www.immoweb.be/en/classified/house/for-sale/stekene/9190/20656397
https://www.immoweb.be/en/classified/apartment-block/for-sale/borgerhout/2140/20620471
https://www.immoweb.be/en/classified/house/for-sale/courcelles-souvret/6182/20808792
https://www.immoweb.be/en/classified/house/for-sale/courcelles-souvret/6182/20808791
https://www.immoweb.be/en/classified/new-real-estate-project-apartments/for-sale/kortrijk/8500/20808789
https://www.immoweb.be/en/classified/new-real-estate-project-apartments/for-sale/wavre-bierges/1301/20808780
https://www.immoweb.be/en/classified/house/for-sale/courcelles-souvret/6182/20808778
https://www.immoweb.be/en/classified/house/for-sale/hautrage/7334/20808773
https://www.immoweb.be/en/classified/exceptional-property/for-sale/antwerpen/2018/20808770
https://www.immoweb.be/en/classified/penthouse/for-sale/antwerpen/2000/20807961
https://www.immoweb.be/en/classified/country-cottage/for-sale/nechin/7730/20634665
https://www.immoweb.be/en/classified/new-real-estate-project-apartments/for-sale/wavre/1300/20808761
https://www.immoweb.be/en/classified/villa/for-sale/uccle/1180/20705530
https://www.immoweb.be/en/classified/house/for-sale/momignies-beauwelz/6594/20808754
https://www.immoweb.be/en/classified/apartment/for-sale/wakken/8720/20808713
https://www.immoweb.be/en/classified/house/for-sale/momignies-beauwelz/6594/20808361
https://www.immoweb.be/en/classified/new-real-estate-project-apartments/for-sale/kortrijk/8500/20808123
https://www.immoweb.be/en/classified/villa/for-sale/wemmel/1780/20808115
https://www.immoweb.be/en/classified/house/for-sale/mons-lez-liege/4400/20808113
https://www.immoweb.be/en/classified/house/for-sale/leuze/5310/20808112
https://www.immoweb.be/en/classified/duplex/for-sale/bruxelles/1000/20705526
https://www.immoweb.be/en/classified/house/for-sale/mons-lez-liege/4400/20808111
https://www.immoweb.be/en/classified/house/for-sale/herchies/7050/20782392
https://www.immoweb.be/en/classified/house/for-sale/grobbendonk/2280/20808109
https://www.immoweb.be/en/classified/apartment/for-sale/aartselaar/2630/20684691
https://www.immoweb.be/en/classified/apartment/for-sale/knokke-heist/8300/20808108
https://www.immoweb.be/en/classified/house/for-sale/baasrode/9200/20808107
https://www.immoweb.be/en/classified/house/for-sale/haacht/3150/20808103
https://www.immoweb.be/en/classified/apartment/for-sale/bruxelles/1020/20808102
https://www.immoweb.be/en/classified/house/for-sale/brakel/9660/20808098
https://www.immoweb.be/en/classified/house/for-sale/herzele/9550/20808094
https://www.immoweb.be/en/classified/house/for-sale/nevele/9850/20808093
https://www.immoweb.be/en/classified/apartment/for-sale/jette/1090/20656997
https://www.immoweb.be/en/classified/duplex/for-sale/spa/4900/20777605
https://www.immoweb.be/en/classified/apartment/for-sale/schaerbeek/1030/20579763
https://www.immoweb.be/en/classified/apartment/for-sale/berchem-sainte-agathe/1082/20765856
https://www.immoweb.be/en/classified/apartment/for-sale/wielsbeke/8710/20780439
https://www.immoweb.be/en/classified/apartment/for-sale/jette/1090/20619398
https://www.immoweb.be/en/classified/ground-floor/for-sale/bertrix/6880/20778981
https://www.immoweb.be/en/classified/apartment/for-sale/dilbeek/1700/20776584
https://www.immoweb.be/en/classified/apartment/for-sale/bruxelles/1000/20747452
https://www.immoweb.be/en/classified/apartment/for-sale/ixelles/1050/20667401
https://www.immoweb.be/en/classified/apartment/for-sale/evere/1140/20688702
https://www.immoweb.be/en/classified/apartment/for-sale/evere/1140/20760287
https://www.immoweb.be/en/classified/house/for-sale/aalter/9880/20818089
https://www.immoweb.be/en/classified/loft/for-sale/jette/1090/20721471
https://www.immoweb.be/en/classified/apartment/for-sale/bruxelles/1000/20765876
https://www.immoweb.be/en/classified/apartment/for-sale/ixelles/1050/20765765
https://www.immoweb.be/en/classified/ground-floor/for-sale/woluwe-saint-pierre/1150/20477634
https://www.immoweb.be/en/classified/apartment/for-sale/ixelles/1050/20548476
https://www.immoweb.be/en/classified/apartment/for-sale/ixelles/1050/20734117
https://www.immoweb.be/en/classified/house/for-sale/ixelles/1050/20746010
https://www.immoweb.be/en/classified/apartment/for-sale/wevelgem/8560/20800061
https://www.immoweb.be/en/classified/house/for-sale/seraing/4100/20800201
https://www.immoweb.be/en/classified/apartment/for-sale/rochefort/5580/20798921
https://www.immoweb.be/en/classified/service-flat/for-sale/lummen/3560/20799415
https://www.immoweb.be/en/classified/house/for-sale/chantemelle/6742/20800210
https://www.immoweb.be/en/classified/apartment/for-sale/sint-truiden/3800/20800028
https://www.immoweb.be/en/classified/apartment/for-sale/sint-truiden/3800/20800036
https://www.immoweb.be/en/classified/house/for-sale/saintes-tubize/1480/20801038
https://www.immoweb.be/en/classified/house/for-sale/braine-lalleud-braine-lalleud/1420/20801265
https://www.immoweb.be/en/classified/town-house/for-sale/braine-lalleud/1420/20801170
https://www.immoweb.be/en/classified/new-real-estate-project-houses/for-sale/gavere/9890/20809136
https://www.immoweb.be/en/classified/flat-studio/for-sale/gent-9000/9000/20809133
https://www.immoweb.be/en/classified/apartment/for-sale/gent/9000/20809132
https://www.immoweb.be/en/classified/apartment/for-sale/etterbeek/1040/20809127
https://www.immoweb.be/en/classified/new-real-estate-project-houses/for-sale/beveren-kruibeke-zwijndrecht/2070/20809099
https://www.immoweb.be/en/classified/new-real-estate-project-houses/for-sale/stekene/9190/20809095
https://www.immoweb.be/en/classified/new-real-estate-project-houses/for-sale/kaprijke/9970/20809082
https://www.immoweb.be/en/classified/new-real-estate-project-houses/for-sale/kruibeke-bazel/9150/20809079
https://www.immoweb.be/en/classified/new-real-estate-project-houses/for-sale/berlare/9290/20809064
https://www.immoweb.be/en/classified/new-real-estate-project-houses/for-sale/beveren-kruibeke-zwijndrecht/9120/20809063
https://www.immoweb.be/en/classified/apartment/for-sale/seraing/4100/20658026
https://www.immoweb.be/en/classified/town-house/for-sale/aartselaar/2630/20809057
https://www.immoweb.be/en/classified/house/for-sale/wilsele/3012/20809056
https://www.immoweb.be/en/classified/house/for-sale/maasmechelen/3630/20809053
https://www.immoweb.be/en/classified/town-house/for-sale/mouscron/7700/20809052
https://www.immoweb.be/en/classified/new-real-estate-project-apartments/for-sale/lier/2500/20809051
https://www.immoweb.be/en/classified/house/for-sale/zoersel-halle/2980/20809050
https://www.immoweb.be/en/classified/apartment/for-sale/orp-le-grand/1350/20809049
https://www.immoweb.be/en/classified/apartment/for-sale/orp-le-grand/1350/20809048
https://www.immoweb.be/en/classified/house/for-sale/orp-le-grand/1350/20809047
https://www.immoweb.be/en/classified/house/for-sale/marchienne-au-pont/6030/20809046
https://www.immoweb.be/en/classified/house/for-sale/heist-op-den-berg-itegem/2222/20809045
https://www.immoweb.be/en/classified/house/for-sale/zwijnaarde/9052/20809044
https://www.immoweb.be/en/classified/apartment/for-sale/braine-lalleud/1420/20809043
https://www.immoweb.be/en/classified/house/for-sale/tongeren-borgloon/3700/20809042
https://www.immoweb.be/en/classified/house/for-sale/rhode-saint-genese/1640/20809040
https://www.immoweb.be/en/classified/house/for-sale/beersel-dworp/1653/20809041
https://www.immoweb.be/en/classified/house/for-sale/aalst/9310/20789668
https://www.immoweb.be/en/classified/villa/for-sale/galmaarden/1570/20357612
https://www.immoweb.be/en/classified/apartment/for-sale/anderlecht/1070/20809038
https://www.immoweb.be/en/classified/new-real-estate-project-apartments/for-sale/halle/1500/20702835
https://www.immoweb.be/en/classified/new-real-estate-project-apartments/for-sale/halle/1500/20434797
https://www.immoweb.be/en/classified/new-real-estate-project-apartments/for-sale/marche-en-famenne/6900/20611576
https://www.immoweb.be/en/classified/new-real-estate-project-apartments/for-sale/beveren-waas/9120/20655822
https://www.immoweb.be/en/classified/new-real-estate-project-apartments/for-sale/nijlen/2560/11137425
https://www.immoweb.be/en/classified/new-real-estate-project-apartments/for-sale/hasselt/3500/11159831
https://www.immoweb.be/en/classified/new-real-estate-project-apartments/for-sale/brugge/8000/10888423
https://www.immoweb.be/en/classified/new-real-estate-project-apartments/for-sale/welle/9473/20701331
https://www.immoweb.be/en/classified/new-real-estate-project-apartments/for-sale/evere/1140/20492921
https://www.immoweb.be/en/classified/new-real-estate-project-apartments/for-sale/vise/4600/10718230
https://www.immoweb.be/en/classified/new-real-estate-project-apartments/for-sale/berendrecht/2040/20480235
https://www.immoweb.be/en/classified/new-real-estate-project-apartments/for-sale/tielt-8700/8700/10807686
https://www.immoweb.be/en/classified/new-real-estate-project-apartments/for-sale/erembodegem/9320/10913773
https://www.immoweb.be/en/classified/new-real-estate-project-apartments/for-sale/ruisbroek/2870/20713427
https://www.immoweb.be/en/classified/new-real-estate-project-apartments/for-sale/lubbeek/3210/11008698
https://www.immoweb.be/en/classified/new-real-estate-project-apartments/for-sale/lubbeek/3210/10735129
https://www.immoweb.be/en/classified/new-real-estate-project-apartments/for-sale/rocourt/4000/10740285
https://www.immoweb.be/en/classified/new-real-estate-project-houses/for-sale/roeselare/8800/20427570
https://www.immoweb.be/en/classified/new-real-estate-project-apartments/for-sale/schaerbeek/1030/20019700
https://www.immoweb.be/en/classified/new-real-estate-project-apartments/for-sale/puurs-sint-amands/2870/10915726
https://www.immoweb.be/en/classified/new-real-estate-project-houses/for-sale/florenville/6820/20539235
https://www.immoweb.be/en/classified/new-real-estate-project-apartments/for-sale/marche-en-famenne/6900/11171807
https://www.immoweb.be/en/classified/new-real-estate-project-apartments/for-sale/uccle/1180/20710923
https://www.immoweb.be/en/classified/new-real-estate-project-apartments/for-sale/uccle/1180/20607001
https://www.immoweb.be/en/classified/new-real-estate-project-apartments/for-sale/woluwe-saint-lambert/1200/20535011
https://www.immoweb.be/en/classified/new-real-estate-project-apartments/for-sale/lier/2500/20715864
https://www.immoweb.be/en/classified/new-real-estate-project-apartments/for-sale/liege/4000/10740287
https://www.immoweb.be/en/classified/new-real-estate-project-apartments/for-sale/eupen/4700/11173335
https://www.immoweb.be/en/classified/new-real-estate-project-apartments/for-sale/saint-symphorien/7030/20734441
https://www.immoweb.be/en/classified/new-real-estate-project-houses/for-sale/vezon/7538/20257515
https://www.immoweb.be/en/classified/apartment/for-sale/westerlo/2260/20807345
https://www.immoweb.be/en/classified/house/for-sale/geel/2440/20807346
https://www.immoweb.be/en/classified/house/for-sale/geel/2440/20807344
https://www.immoweb.be/en/classified/house/for-sale/olen/2250/20807342
https://www.immoweb.be/en/classified/house/for-sale/westerlo/2260/20807341
https://www.immoweb.be/en/classified/house/for-sale/geel/2440/20807343
https://www.immoweb.be/en/classified/mixed-use-building/for-sale/tielt-winge/3390/20807340
https://www.immoweb.be/en/classified/house/for-sale/geel/2440/20807339
https://www.immoweb.be/en/classified/house/for-sale/geel/2440/20807337
https://www.immoweb.be/en/classified/apartment/for-sale/geel/2440/20807338
https://www.immoweb.be/en/classified/house/for-sale/laakdal/2430/20807336
https://www.immoweb.be/en/classified/ground-floor/for-sale/antwerpen/2020/20807335
https://www.immoweb.be/en/classified/house/for-sale/mettet/5640/20807334
https://www.immoweb.be/en/classified/apartment/for-sale/liege/4020/20807331
https://www.immoweb.be/en/classified/house/for-sale/arquennes/7181/20807324
https://www.immoweb.be/en/classified/house/for-sale/nivelles/1400/20807325
https://www.immoweb.be/en/classified/apartment/for-sale/aalter/9880/20807322
https://www.immoweb.be/en/classified/ground-floor/for-sale/opitter/3960/20807321
https://www.immoweb.be/en/classified/apartment/for-sale/liege/4000/20807320
https://www.immoweb.be/en/classified/house/for-sale/woluwe-saint-pierre/1150/20807319
https://www.immoweb.be/en/classified/house/for-sale/bruyelle/7641/20807318
https://www.immoweb.be/en/classified/apartment/for-sale/uccle/1180/20807317
https://www.immoweb.be/en/classified/house/for-sale/bruxelles/1000/20807316
https://www.immoweb.be/en/classified/house/for-sale/gilly/6060/20807314
https://www.immoweb.be/en/classified/villa/for-sale/gilly/6060/20807315
https://www.immoweb.be/en/classified/house/for-sale/seraing-seraing/4100/20807307
https://www.immoweb.be/en/classified/house/for-sale/marchin-marchin/4570/20807306
https://www.immoweb.be/en/classified/house/for-sale/woluwe-saint-pierre-woluwe-saint-pierre/1150/20807305
https://www.immoweb.be/en/classified/house/for-sale/seraing/4102/20807302
https://www.immoweb.be/en/classified/house/for-sale/chatelet/6200/20807301
https://www.immoweb.be/en/classified/new-real-estate-project-apartments/for-sale/edegem/2650/20691388
https://www.immoweb.be/en/classified/new-real-estate-project-houses/for-sale/stekene/9190/20331375
https://www.immoweb.be/en/classified/new-real-estate-project-houses/for-sale/beervelde/9080/11137426
https://www.immoweb.be/en/classified/new-real-estate-project-houses/for-sale/sint-joris-weert/3051/11442795
https://www.immoweb.be/en/classified/new-real-estate-project-apartments/for-sale/auderghem/1160/20688669
https://www.immoweb.be/en/classified/new-real-estate-project-houses/for-sale/oostduinkerke/8670/20725311
https://www.immoweb.be/en/classified/new-real-estate-project-apartments/for-sale/braine-lalleud/1420/20101667
https://www.immoweb.be/en/classified/new-real-estate-project-houses/for-sale/belsele/9111/20581515
https://www.immoweb.be/en/classified/new-real-estate-project-houses/for-sale/gent/9000/20589101
https://www.immoweb.be/en/classified/new-real-estate-project-houses/for-sale/kampenhout/1910/20561562
https://www.immoweb.be/en/classified/new-real-estate-project-houses/for-sale/lille/2275/10822940
https://www.immoweb.be/en/classified/new-real-estate-project-houses/for-sale/berlare/9290/11393379
https://www.immoweb.be/en/classified/new-real-estate-project-houses/for-sale/zulte/9870/20725888
https://www.immoweb.be/en/classified/new-real-estate-project-houses/for-sale/asse/1730/20215388
https://www.immoweb.be/en/classified/new-real-estate-project-houses/for-sale/sint-idesbald/8670/20677923
https://www.immoweb.be/en/classified/new-real-estate-project-houses/for-sale/merelbeke/9820/20484692
https://www.immoweb.be/en/classified/new-real-estate-project-houses/for-sale/merelbeke/9820/10515573
https://www.immoweb.be/en/classified/new-real-estate-project-apartments/for-sale/oudenaarde/9700/20189572
https://www.immoweb.be/en/classified/new-real-estate-project-houses/for-sale/lint/2547/11178685
https://www.immoweb.be/en/classified/new-real-estate-project-apartments/for-sale/woluwe-saint-pierre/1150/20728980
https://www.immoweb.be/en/classified/new-real-estate-project-houses/for-sale/schilde/2970/20672423
https://www.immoweb.be/en/classified/new-real-estate-project-houses/for-sale/crisnee/4367/20029390
https://www.immoweb.be/en/classified/new-real-estate-project-houses/for-sale/damme/8340/20623591
https://www.immoweb.be/en/classified/new-real-estate-project-houses/for-sale/oudegem/9200/20712167
https://www.immoweb.be/en/classified/new-real-estate-project-houses/for-sale/lochristi/9080/20702205
https://www.immoweb.be/en/classified/new-real-estate-project-houses/for-sale/lille/2275/10885349
https://www.immoweb.be/en/classified/new-real-estate-project-houses/for-sale/vilvoorde/1800/20301657
https://www.immoweb.be/en/classified/new-real-estate-project-houses/for-sale/haacht/3150/10103353
https://www.immoweb.be/en/classified/new-real-estate-project-apartments/for-sale/rixensart/1330/20628544
https://www.immoweb.be/en/classified/new-real-estate-project-houses/for-sale/brecht/2960/11326166
https://www.immoweb.be/en/classified/house/for-sale/lennik/1750/20806179
https://www.immoweb.be/en/classified/apartment/for-sale/uccle/1180/20806177
https://www.immoweb.be/en/classified/house/for-sale/hillegem/9550/20806175
https://www.immoweb.be/en/classified/house/for-sale/sint-andries/8200/20806174
https://www.immoweb.be/en/classified/villa/for-sale/schilde/2970/20806173
https://www.immoweb.be/en/classified/house/for-sale/wijnegem/2110/20806172
https://www.immoweb.be/en/classified/house/for-sale/tielt-8700/8700/20806164
https://www.immoweb.be/en/classified/house/for-sale/kortenberg/3070/20806163
https://www.immoweb.be/en/classified/mixed-use-building/for-sale/turnhout/2300/20508684
https://www.immoweb.be/en/classified/house/for-sale/gent/9000/20806161
https://www.immoweb.be/en/classified/house/for-sale/brakel/9660/20806157
https://www.immoweb.be/en/classified/house/for-sale/liedekerke/1770/20806155
https://www.immoweb.be/en/classified/house/for-sale/fexhele-haut-clocher/4347/20806153
https://www.immoweb.be/en/classified/apartment-block/for-sale/schaerbeek/1030/20806152
https://www.immoweb.be/en/classified/house/for-sale/haacht/3150/20806140
https://www.immoweb.be/en/classified/apartment/for-sale/grez-doiceau/1390/20806139
https://www.immoweb.be/en/classified/house/for-sale/fexhele-haut-clocher/4347/20806138
https://www.immoweb.be/en/classified/apartment/for-sale/grez-doiceau/1390/20806136
https://www.immoweb.be/en/classified/apartment/for-sale/grez-doiceau/1390/20806134
https://www.immoweb.be/en/classified/house/for-sale/donceel/4357/20806133
https://www.immoweb.be/en/classified/apartment/for-sale/lanaken/3620/20687161
https://www.immoweb.be/en/classified/apartment/for-sale/chapelle-lez-herlaimont/7160/20806131
https://www.immoweb.be/en/classified/apartment/for-sale/chapelle-lez-herlaimont/7160/20806130
https://www.immoweb.be/en/classified/apartment/for-sale/chapelle-lez-herlaimont/7160/20806129
https://www.immoweb.be/en/classified/apartment/for-sale/chapelle-lez-herlaimont/7160/20806128
https://www.immoweb.be/en/classified/apartment/for-sale/chapelle-lez-herlaimont/7160/20806127
https://www.immoweb.be/en/classified/apartment/for-sale/chapelle-lez-herlaimont/7160/20806126
https://www.immoweb.be/en/classified/house/for-sale/geetbets/3450/20806125
https://www.immoweb.be/en/classified/villa/for-sale/hamme/9220/20806124
https://www.immoweb.be/en/classified/apartment/for-sale/braine-lalleud/1420/20806122
https://www.immoweb.be/en/classified/apartment/for-sale/knokke/8300/20813508
https://www.immoweb.be/en/classified/apartment/for-sale/wilrijk/2610/20804059
https://www.immoweb.be/en/classified/apartment/for-sale/hoboken/2660/20804108
https://www.immoweb.be/en/classified/apartment/for-sale/schoten/2900/20803118
https://www.immoweb.be/en/classified/apartment/for-sale/bruxelles/1040/20802925
https://www.immoweb.be/en/classified/mixed-use-building/for-sale/geraardsbergen/9500/20816183
https://www.immoweb.be/en/classified/house/for-sale/mechelen/2800/20803754
https://www.immoweb.be/en/classified/apartment/for-sale/beveren-kruibeke-zwijndrecht/2070/20797506
https://www.immoweb.be/en/classified/ground-floor/for-sale/beveren-kruibeke-zwijndrecht/2070/20797500
https://www.immoweb.be/en/classified/house/for-sale/puurs/2870/20805483
https://www.immoweb.be/en/classified/house/for-sale/hombeek/2811/20802075
https://www.immoweb.be/en/classified/house/for-sale/libin/6890/20804793
https://www.immoweb.be/en/classified/apartment/for-sale/antwerpen/2020/20814808
https://www.immoweb.be/en/classified/apartment/for-sale/de-haan/8420/20808995
https://www.immoweb.be/en/classified/apartment/for-sale/hoboken/2660/20814312
https://www.immoweb.be/en/classified/apartment/for-sale/etterbeek/1040/20811049
https://www.immoweb.be/en/classified/apartment/for-sale/boortmeerbeek/3190/20797257
https://www.immoweb.be/en/classified/apartment/for-sale/bruxelles/1050/20815375
https://www.immoweb.be/en/classified/apartment/for-sale/gent/9000/20810476
https://www.immoweb.be/en/classified/apartment/for-sale/oostduinkerke/8670/20811151
https://www.immoweb.be/en/classified/apartment/for-sale/knokke-zoute/8300/20811092
https://www.immoweb.be/en/classified/apartment/for-sale/nieuwpoort/8620/20811947
https://www.immoweb.be/en/classified/house/for-sale/herstal/4040/20818294
https://www.immoweb.be/en/classified/house/for-sale/liege/4020/20818058
https://www.immoweb.be/en/classified/house/for-sale/meulebeke/8760/20818714
https://www.immoweb.be/en/classified/house/for-sale/saint-nicolas/4420/20818375
https://www.immoweb.be/en/classified/house/for-sale/milmort/4041/20817350
https://www.immoweb.be/en/classified/mixed-use-building/for-sale/liege/4000/20817707
https://www.immoweb.be/en/classified/house/for-sale/boechout/2530/20818617
https://www.immoweb.be/en/classified/house/for-sale/stree-lez-huy/4577/20818369
https://www.immoweb.be/en/classified/house/for-sale/kortrijk/8500/20818082
https://www.immoweb.be/en/classified/apartment/for-sale/kortrijk/8500/20818080
https://www.immoweb.be/en/classified/house/for-sale/kortrijk/8500/20818079
https://www.immoweb.be/en/classified/apartment/for-sale/kortrijk/8500/20818081
https://www.immoweb.be/en/classified/house/for-sale/kortrijk/8510/20818078
https://www.immoweb.be/en/classified/house/for-sale/marke/8510/20818077
https://www.immoweb.be/en/classified/house/for-sale/menen/8930/20818076
https://www.immoweb.be/en/classified/duplex/for-sale/liege/4020/20818074
https://www.immoweb.be/en/classified/mixed-use-building/for-sale/dilbeek/1700/20818069
https://www.immoweb.be/en/classified/apartment/for-sale/saint-georges-sur-meuse/4470/20818064
https://www.immoweb.be/en/classified/house/for-sale/les-bons-villers/6210/20818062
https://www.immoweb.be/en/classified/mixed-use-building/for-sale/vilvoorde/1800/20818061
https://www.immoweb.be/en/classified/house/for-sale/lokeren/9160/20775963
https://www.immoweb.be/en/classified/house/for-sale/liege/4020/20818058
https://www.immoweb.be/en/classified/apartment/for-sale/herstal/4040/20818054
https://www.immoweb.be/en/classified/house/for-sale/soumagne/4630/20818050
https://www.immoweb.be/en/classified/house/for-sale/genk/3600/20718131
https://www.immoweb.be/en/classified/house/for-sale/flemalle/4400/20818046
https://www.immoweb.be/en/classified/villa/for-sale/waterloo/1410/20818040
https://www.immoweb.be/en/classified/apartment-block/for-sale/roosdaal/1760/20818038
https://www.immoweb.be/en/classified/house/for-sale/turnhout/2300/20818037
https://www.immoweb.be/en/classified/house/for-sale/oostende/8400/20818035
https://www.immoweb.be/en/classified/house/for-sale/seraing/4100/20818031
https://www.immoweb.be/en/classified/apartment/for-sale/de-panne/8660/20818029
https://www.immoweb.be/en/classified/apartment-block/for-sale/mouscron/7700/20818027
https://www.immoweb.be/en/classified/house/for-sale/mouscron/7700/20818026
https://www.immoweb.be/en/classified/penthouse/for-sale/herstal/4040/20818025
https://www.immoweb.be/en/classified/house/for-sale/herseaux/7712/20818024
https://www.immoweb.be/en/classified/house/for-sale/aarschot/3200/20818014
https://www.immoweb.be/en/classified/house/for-sale/edegem/2650/20818010
https://www.immoweb.be/en/classified/new-real-estate-project-apartments/for-sale/izegem/8870/11461971
https://www.immoweb.be/en/classified/new-real-estate-project-apartments/for-sale/leuven/3000/20623893
https://www.immoweb.be/en/classified/new-real-estate-project-apartments/for-sale/wondelgem/9032/20482917
https://www.immoweb.be/en/classified/new-real-estate-project-apartments/for-sale/namur/5000/20465851
https://www.immoweb.be/en/classified/new-real-estate-project-apartments/for-sale/seneffe/7180/20569047
https://www.immoweb.be/en/classified/new-real-estate-project-apartments/for-sale/wevelgem/8560/10650440
https://www.immoweb.be/en/classified/new-real-estate-project-apartments/for-sale/leuven/3000/20697799
https://www.immoweb.be/en/classified/new-real-estate-project-apartments/for-sale/meulebeke/8760/11391838
https://www.immoweb.be/en/classified/new-real-estate-project-apartments/for-sale/ronse/9600/20548612
https://www.immoweb.be/en/classified/new-real-estate-project-apartments/for-sale/ieper/8900/10153030
https://www.immoweb.be/en/classified/new-real-estate-project-apartments/for-sale/arlon/6700/20356527
https://www.immoweb.be/en/classified/new-real-estate-project-apartments/for-sale/aalst/9300/20477643
https://www.immoweb.be/en/classified/new-real-estate-project-apartments/for-sale/lebbeke/9280/20196678
https://www.immoweb.be/en/classified/new-real-estate-project-apartments/for-sale/mortsel/2640/20694333
https://www.immoweb.be/en/classified/new-real-estate-project-apartments/for-sale/blankenberge/8370/20115360
https://www.immoweb.be/en/classified/new-real-estate-project-apartments/for-sale/zottegem/9620/20682882
https://www.immoweb.be/en/classified/new-real-estate-project-apartments/for-sale/zottegem/9620/20522096
https://www.immoweb.be/en/classified/new-real-estate-project-apartments/for-sale/geel/2440/10991297
https://www.immoweb.be/en/classified/new-real-estate-project-apartments/for-sale/diksmuide/8600/20302604
https://www.immoweb.be/en/classified/new-real-estate-project-apartments/for-sale/kluisbergen/9690/20355948
https://www.immoweb.be/en/classified/new-real-estate-project-apartments/for-sale/oudenburg/8460/10717652
https://www.immoweb.be/en/classified/new-real-estate-project-apartments/for-sale/izegem/8870/20684392
https://www.immoweb.be/en/classified/new-real-estate-project-apartments/for-sale/brussels-city/1000/9881253
https://www.immoweb.be/en/classified/new-real-estate-project-apartments/for-sale/roeselare/8800/20366769
https://www.immoweb.be/en/classified/new-real-estate-project-apartments/for-sale/aalst/9300/20477852
https://www.immoweb.be/en/classified/new-real-estate-project-apartments/for-sale/beveren/9120/11414733
https://www.immoweb.be/en/classified/new-real-estate-project-houses/for-sale/roesbrugge-haringe/8972/10417252
https://www.immoweb.be/en/classified/new-real-estate-project-apartments/for-sale/evere/1140/20719389
https://www.immoweb.be/en/classified/new-real-estate-project-apartments/for-sale/ronse/9600/20643634
https://www.immoweb.be/en/classified/new-real-estate-project-apartments/for-sale/ieper/8900/10538402
https://www.immoweb.be/en/classified/house/for-sale/vaux-sous-chevremont/4051/20807589
https://www.immoweb.be/en/classified/apartment-block/for-sale/schaerbeek/1030/20542285
https://www.immoweb.be/en/classified/house/for-sale/marke/8510/20807585
https://www.immoweb.be/en/classified/house/for-sale/sint-genesius-rode/1640/20807583
https://www.immoweb.be/en/classified/house/for-sale/ransart/6043/20746871
https://www.immoweb.be/en/classified/house/for-sale/izegem/8870/20807579
https://www.immoweb.be/en/classified/apartment/for-sale/nieuwpoort/8620/20807577
https://www.immoweb.be/en/classified/house/for-sale/lauwe/8930/20807581
https://www.immoweb.be/en/classified/house/for-sale/de-haan/8420/20807571
https://www.immoweb.be/en/classified/house/for-sale/attert/6717/20807570
https://www.immoweb.be/en/classified/house/for-sale/aalst-baardegem/9310/20807566
https://www.immoweb.be/en/classified/apartment/for-sale/bruxelles/1050/20807564
https://www.immoweb.be/en/classified/house/for-sale/gent-drongen/9031/20807563
https://www.immoweb.be/en/classified/mixed-use-building/for-sale/ans/4430/20807562
https://www.immoweb.be/en/classified/house/for-sale/anderlues/6150/20807560
https://www.immoweb.be/en/classified/apartment/for-sale/manage/7170/20807558
https://www.immoweb.be/en/classified/duplex/for-sale/la-louviere-strepy-bracquegnies/7110/20807568
https://www.immoweb.be/en/classified/house/for-sale/la-louviere-strepy-bracquegnies/7110/20807559
https://www.immoweb.be/en/classified/penthouse/for-sale/dilbeek-groot-bijgaarden/1702/20807557
https://www.immoweb.be/en/classified/apartment/for-sale/wijnegem/2110/20807552
https://www.immoweb.be/en/classified/house/for-sale/asse/1730/20807551
https://www.immoweb.be/en/classified/house/for-sale/haaltert/9450/20654653
https://www.immoweb.be/en/classified/apartment/for-sale/vilvoorde/1800/20522701
https://www.immoweb.be/en/classified/house/for-sale/kapelle-op-den-bos/1880/20799545
https://www.immoweb.be/en/classified/house/for-sale/dendermonde/9200/20807549
https://www.immoweb.be/en/classified/house/for-sale/gent/9000/20807548
https://www.immoweb.be/en/classified/house/for-sale/zulte/9870/20807547
https://www.immoweb.be/en/classified/apartment/for-sale/hasselt/3500/20807546
https://www.immoweb.be/en/classified/ground-floor/for-sale/hasselt/3500/20807545
https://www.immoweb.be/en/classified/apartment/for-sale/de-haan/8420/20807544
https://www.immoweb.be/en/classified/apartment/for-sale/turnhout/2300/20803082
https://www.immoweb.be/en/classified/duplex/for-sale/antwerpen/2060/20801434
https://www.immoweb.be/en/classified/house/for-sale/zwevegem/8550/20808071
https://www.immoweb.be/en/classified/apartment/for-sale/hoboken/2660/20814007
https://www.immoweb.be/en/classified/apartment/for-sale/haaltert/9450/20811141
https://www.immoweb.be/en/classified/apartment/for-sale/borgerhout/2140/20814778
https://www.immoweb.be/en/classified/apartment/for-sale/saint-gilles/1060/20815541
https://www.immoweb.be/en/classified/house/for-sale/geraardsbergen/9500/20816198
https://www.immoweb.be/en/classified/house/for-sale/wingene/8750/20815804
https://www.immoweb.be/en/classified/apartment/for-sale/knokke-zoute/8300/20818161
https://www.immoweb.be/en/classified/duplex/for-sale/uccle/1180/20817850
https://www.immoweb.be/en/classified/apartment/for-sale/deurne/2100/20810450
https://www.immoweb.be/en/classified/apartment/for-sale/bruxelles/1020/20808102
https://www.immoweb.be/en/classified/house/for-sale/grace-hollogne/4460/20818376
https://www.immoweb.be/en/classified/house/for-sale/wavre/1300/20816927
https://www.immoweb.be/en/classified/house/for-sale/stekene/9190/20817784
https://www.immoweb.be/en/classified/house/for-sale/sint-gillis-waas/9170/20817911
https://www.immoweb.be/en/classified/house/for-sale/schaerbeek/1030/20817884
https://www.immoweb.be/en/classified/apartment-block/for-sale/anderlecht/1070/20818540
https://www.immoweb.be/en/classified/house/for-sale/kortrijk/8500/20811113
https://www.immoweb.be/en/classified/house/for-sale/oudenaarde/9700/20813101
https://www.immoweb.be/en/classified/exceptional-property/for-sale/laeken/1020/20812435
https://www.immoweb.be/en/classified/apartment/for-sale/izegem/8870/20816268
https://www.immoweb.be/en/classified/apartment/for-sale/de-panne/8660/20816447
https://www.immoweb.be/en/classified/apartment/for-sale/gent/9000/20816143
https://www.immoweb.be/en/classified/apartment/for-sale/knokke-heist/8300/20816324
https://www.immoweb.be/en/classified/chalet/for-sale/rendeux/6987/20816321
https://www.immoweb.be/en/classified/bungalow/for-sale/evergem/9940/20816555
https://www.immoweb.be/en/classified/apartment/for-sale/diksmuide/8600/20814415
https://www.immoweb.be/en/classified/apartment/for-sale/molenbeek-saint-jean/1080/20815353
https://www.immoweb.be/en/classified/house/for-sale/neerpelt/3910/20818419
https://www.immoweb.be/en/classified/apartment/for-sale/houthalen/3530/20818420
https://www.immoweb.be/en/classified/apartment/for-sale/woluwe-saint-lambert/1200/20818417
https://www.immoweb.be/en/classified/house/for-sale/herseaux/7712/20818415
https://www.immoweb.be/en/classified/flat-studio/for-sale/schaarbeek/1030/20818410
https://www.immoweb.be/en/classified/mixed-use-building/for-sale/lier/2500/20818408
https://www.immoweb.be/en/classified/apartment/for-sale/auderghem/1160/20818405
https://www.immoweb.be/en/classified/house/for-sale/mourcourt/7543/20724303
https://www.immoweb.be/en/classified/house/for-sale/amay/4540/20818402
https://www.immoweb.be/en/classified/house/for-sale/plainevaux/4122/20818400
https://www.immoweb.be/en/classified/house/for-sale/ivoz-ramet/4400/20818395
https://www.immoweb.be/en/classified/apartment/for-sale/waremme/4300/20818386
https://www.immoweb.be/en/classified/house/for-sale/seraing/4100/20818389
https://www.immoweb.be/en/classified/apartment/for-sale/flemalle-grande/4400/20818394
https://www.immoweb.be/en/classified/house/for-sale/verlaine/4537/20818392
https://www.immoweb.be/en/classified/house/for-sale/jemeppe-sur-meuse/4101/20818390
https://www.immoweb.be/en/classified/apartment/for-sale/flemalle-grande/4400/20818383
https://www.immoweb.be/en/classified/house/for-sale/tihange/4500/20818393
https://www.immoweb.be/en/classified/apartment/for-sale/ans/4430/20818379
https://www.immoweb.be/en/classified/apartment/for-sale/flemalle-grande/4400/20818382
https://www.immoweb.be/en/classified/house/for-sale/wandre/4020/20818380
https://www.immoweb.be/en/classified/apartment/for-sale/hollogne-aux-pierres/4460/20818381
https://www.immoweb.be/en/classified/house/for-sale/grace-hollogne/4460/20818376
https://www.immoweb.be/en/classified/house/for-sale/liege/4000/20818373
https://www.immoweb.be/en/classified/house/for-sale/saint-nicolas/4420/20818375
https://www.immoweb.be/en/classified/house/for-sale/flemalle/4400/20818377
https://www.immoweb.be/en/classified/house/for-sale/seraing/4100/20818374
https://www.immoweb.be/en/classified/house/for-sale/flemalle/4400/20818372
https://www.immoweb.be/en/classified/house/for-sale/stree-lez-huy/4577/20818369
https://www.immoweb.be/en/classified/apartment/for-sale/forest/1190/20818366
https://www.immoweb.be/en/classified/new-real-estate-project-houses/for-sale/herent/3020/20685405
https://www.immoweb.be/en/classified/new-real-estate-project-houses/for-sale/kontich/2550/20705873
https://www.immoweb.be/en/classified/new-real-estate-project-houses/for-sale/belsele/9111/20581999
https://www.immoweb.be/en/classified/new-real-estate-project-houses/for-sale/jodoigne/1370/20439706
https://www.immoweb.be/en/classified/new-real-estate-project-houses/for-sale/grimbergen/1850/20744671
https://www.immoweb.be/en/classified/new-real-estate-project-houses/for-sale/berlare/9290/20498509
https://www.immoweb.be/en/classified/new-real-estate-project-apartments/for-sale/antwerpen/2000/10292729
https://www.immoweb.be/en/classified/new-real-estate-project-apartments/for-sale/braine-lalleud/1420/20658067
https://www.immoweb.be/en/classified/new-real-estate-project-houses/for-sale/diest/3290/20344134
https://www.immoweb.be/en/classified/new-real-estate-project-houses/for-sale/tielt-winge/3390/20214509
https://www.immoweb.be/en/classified/new-real-estate-project-apartments/for-sale/oostduinkerke/8670/11027631
https://www.immoweb.be/en/classified/new-real-estate-project-houses/for-sale/orp-le-grand/1350/11344109
https://www.immoweb.be/en/classified/new-real-estate-project-apartments/for-sale/brugge/8000/20611702
https://www.immoweb.be/en/classified/new-real-estate-project-houses/for-sale/vorselaar/2290/11097309
https://www.immoweb.be/en/classified/new-real-estate-project-houses/for-sale/bellem/9881/20376270
https://www.immoweb.be/en/classified/new-real-estate-project-houses/for-sale/kampenhout/1910/20561613
https://www.immoweb.be/en/classified/new-real-estate-project-apartments/for-sale/woluwe-saint-pierre/1150/20726034
https://www.immoweb.be/en/classified/new-real-estate-project-houses/for-sale/de-haan/8420/20742433
https://www.immoweb.be/en/classified/new-real-estate-project-houses/for-sale/de-haan/8420/20741913
https://www.immoweb.be/en/classified/new-real-estate-project-houses/for-sale/vorselaar/2290/10340533
https://www.immoweb.be/en/classified/new-real-estate-project-apartments/for-sale/evere/1140/20586301
https://www.immoweb.be/en/classified/new-real-estate-project-houses/for-sale/zonhoven/3520/20597903
https://www.immoweb.be/en/classified/new-real-estate-project-houses/for-sale/mariakerke/9030/11443407
https://www.immoweb.be/en/classified/new-real-estate-project-houses/for-sale/ottergem/9420/20541758
https://www.immoweb.be/en/classified/new-real-estate-project-apartments/for-sale/braine-lalleud/1420/11430938
https://www.immoweb.be/en/classified/new-real-estate-project-houses/for-sale/overijse/3090/10228061
https://www.immoweb.be/en/classified/new-real-estate-project-houses/for-sale/minderhout/2322/20511303
https://www.immoweb.be/en/classified/new-real-estate-project-apartments/for-sale/brugge/8000/10593196
https://www.immoweb.be/en/classified/new-real-estate-project-apartments/for-sale/wenduine/8420/11052938
https://www.immoweb.be/en/classified/apartment/for-sale/etterbeek/1040/20799685
https://www.immoweb.be/en/classified/villa/for-sale/putte/2580/20806256
https://www.immoweb.be/en/classified/house/for-sale/leuven/3000/20806255
https://www.immoweb.be/en/classified/ground-floor/for-sale/merchtem/1785/20742128
https://www.immoweb.be/en/classified/mixed-use-building/for-sale/lebbeke/9280/20806253
https://www.immoweb.be/en/classified/apartment-block/for-sale/charleroi/6040/20579403
https://www.immoweb.be/en/classified/apartment/for-sale/andenne-maizeret/5300/20806245
https://www.immoweb.be/en/classified/apartment/for-sale/namur/5000/20806246
https://www.immoweb.be/en/classified/apartment/for-sale/namur/5000/20806244
https://www.immoweb.be/en/classified/penthouse/for-sale/aalst-9300/9300/20806242
https://www.immoweb.be/en/classified/villa/for-sale/mechelen-bovelingen/3870/20806240
https://www.immoweb.be/en/classified/apartment/for-sale/knokke-heist/8300/20806236
https://www.immoweb.be/en/classified/house/for-sale/evergem/9940/20806232
https://www.immoweb.be/en/classified/apartment/for-sale/oostende/8400/20806226
https://www.immoweb.be/en/classified/villa/for-sale/izegem/8870/20806225
https://www.immoweb.be/en/classified/house/for-sale/herenthout/2270/20806217
https://www.immoweb.be/en/classified/house/for-sale/gent/9000/20806216
https://www.immoweb.be/en/classified/mansion/for-sale/heist-op-den-berg/2220/20806210
https://www.immoweb.be/en/classified/house/for-sale/gavere/9890/20806209
https://www.immoweb.be/en/classified/apartment/for-sale/kuurne/8520/20806208
https://www.immoweb.be/en/classified/apartment/for-sale/namur/5000/20806207
https://www.immoweb.be/en/classified/apartment/for-sale/namur/5000/20806205
https://www.immoweb.be/en/classified/villa/for-sale/epinois/7134/20806201
https://www.immoweb.be/en/classified/farmhouse/for-sale/engelmanshoven/3800/20806200
https://www.immoweb.be/en/classified/apartment/for-sale/schaerbeek/1030/20806199
https://www.immoweb.be/en/classified/flat-studio/for-sale/woluwe-saint-lambert/1200/20806197
https://www.immoweb.be/en/classified/house/for-sale/balen/2490/20806196
https://www.immoweb.be/en/classified/house/for-sale/landen/3400/20806194
https://www.immoweb.be/en/classified/house/for-sale/kortenberg/3070/20806193
https://www.immoweb.be/en/classified/ground-floor/for-sale/opwijk/1745/20806191
https://www.immoweb.be/en/classified/new-real-estate-project-apartments/for-sale/grez-doiceau/1390/20806181
https://www.immoweb.be/en/classified/apartment/for-sale/oostende/8400/20757366
https://www.immoweb.be/en/classified/apartment/for-sale/evergem/9940/20762471
https://www.immoweb.be/en/classified/apartment/for-sale/nieuwpoort/8620/20759093
https://www.immoweb.be/en/classified/apartment/for-sale/zwevegem/8550/20757900
https://www.immoweb.be/en/classified/house/for-sale/strombeek-bever/1853/20799542
https://www.immoweb.be/en/classified/house/for-sale/grimbergen/1850/20799548
https://www.immoweb.be/en/classified/house/for-sale/pajottegem/1540/20798159
https://www.immoweb.be/en/classified/apartment/for-sale/knokke/8300/20758611
https://www.immoweb.be/en/classified/apartment/for-sale/arlon/6700/20779058
https://www.immoweb.be/en/classified/apartment/for-sale/westrozebeke/8840/20790756
https://www.immoweb.be/en/classified/duplex/for-sale/meise/1860/20790673
https://www.immoweb.be/en/classified/house/for-sale/ganshoren/1083/20545293
https://www.immoweb.be/en/classified/house/for-sale/andenne/5300/20773293
https://www.immoweb.be/en/classified/house/for-sale/pajottegem/1570/20774094
https://www.immoweb.be/en/classified/mixed-use-building/for-sale/huizingen/1654/20773890
https://www.immoweb.be/en/classified/house/for-sale/moorslede/8890/20774559
https://www.immoweb.be/en/classified/house/for-sale/grobbendonk/2280/20776634
https://www.immoweb.be/en/classified/house/for-sale/essen/2910/20774133
https://www.immoweb.be/en/classified/house/for-sale/deinze/9800/20599893
https://www.immoweb.be/en/classified/house/for-sale/herenthout/2270/20776458
https://www.immoweb.be/en/classified/town-house/for-sale/brasschaat/2930/20776155
https://www.immoweb.be/en/classified/house/for-sale/zele/9240/20810567
https://www.immoweb.be/en/classified/house/for-sale/lochristi/9080/20771330
https://www.immoweb.be/en/classified/house/for-sale/oud-heverlee/3050/20807643
https://www.immoweb.be/en/classified/house/for-sale/oud-heverlee/3050/20807645
https://www.immoweb.be/en/classified/villa/for-sale/brasschaat/2930/20776082
https://www.immoweb.be/en/classified/villa/for-sale/brecht/2960/20776089
https://www.immoweb.be/en/classified/house/for-sale/keerbergen/3140/20773008
https://www.immoweb.be/en/classified/apartment/for-sale/aubange/6790/20800884
https://www.immoweb.be/en/classified/apartment-block/for-sale/dison/4820/20811699
https://www.immoweb.be/en/classified/ground-floor/for-sale/gent/9000/20801418
https://www.immoweb.be/en/classified/apartment/for-sale/gent/9000/20801400
https://www.immoweb.be/en/classified/house/for-sale/zonhoven/3520/20801399
https://www.immoweb.be/en/classified/house/for-sale/sint-kruis/8310/20801396
https://www.immoweb.be/en/classified/house/for-sale/sijsele/8340/20801393
https://www.immoweb.be/en/classified/house/for-sale/beersel/1650/20801381
https://www.immoweb.be/en/classified/house/for-sale/braives/4260/20801377
https://www.immoweb.be/en/classified/apartment/for-sale/waterloo/1410/20801372
https://www.immoweb.be/en/classified/house/for-sale/kortemark/8610/20801367
https://www.immoweb.be/en/classified/house/for-sale/langdorp/3201/20791179
https://www.immoweb.be/en/classified/house/for-sale/testelt/3272/20728661
https://www.immoweb.be/en/classified/apartment/for-sale/dendermonde/9200/20801359
https://www.immoweb.be/en/classified/apartment/for-sale/s-gravenwezel/2970/20801355
https://www.immoweb.be/en/classified/house/for-sale/sint-truiden/3800/20801353
https://www.immoweb.be/en/classified/house/for-sale/wilrijk/2610/20801352
https://www.immoweb.be/en/classified/house/for-sale/sint-eloois-winkel/8880/20651141
https://www.immoweb.be/en/classified/house/for-sale/tessenderlo/3980/20801349
https://www.immoweb.be/en/classified/house/for-sale/mortsel/2640/20801348
https://www.immoweb.be/en/classified/flat-studio/for-sale/antwerpen/2000/20801346
https://www.immoweb.be/en/classified/house/for-sale/desselgem/8792/20801344
https://www.immoweb.be/en/classified/house/for-sale/tournai/7500/20801343
https://www.immoweb.be/en/classified/house/for-sale/stekene/9190/20801341
https://www.immoweb.be/en/classified/apartment/for-sale/schoten/2900/20801340
https://www.immoweb.be/en/classified/house/for-sale/beerse/2340/20801339
https://www.immoweb.be/en/classified/apartment/for-sale/leuven/3000/20788279
https://www.immoweb.be/en/classified/apartment/for-sale/leuven/3000/20788280
https://www.immoweb.be/en/classified/house/for-sale/essen/2910/20801338
https://www.immoweb.be/en/classified/house/for-sale/zoutleeuw/3440/20801335
https://www.immoweb.be/en/classified/apartment/for-sale/willebroek/2830/20801334
https://www.immoweb.be/en/classified/apartment/for-sale/etterbeek/1040/20801333
https://www.immoweb.be/en/classified/house/for-sale/gent/9000/20814617
https://www.immoweb.be/en/classified/apartment/for-sale/liege/4020/20810196
https://www.immoweb.be/en/classified/apartment/for-sale/liege/4020/20810198
https://www.immoweb.be/en/classified/ground-floor/for-sale/verviers/4800/20807984
https://www.immoweb.be/en/classified/apartment/for-sale/anderlecht/1070/20806113
https://www.immoweb.be/en/classified/new-real-estate-project-apartments/for-sale/seraing-boncelles/4100/20758565
https://www.immoweb.be/en/classified/apartment/for-sale/namur/5000/20806365
https://www.immoweb.be/en/classified/new-real-estate-project-apartments/for-sale/berchem/2600/20758312
https://www.immoweb.be/en/classified/apartment/for-sale/andenne/5300/20807110
https://www.immoweb.be/en/classified/duplex/for-sale/fernelmont/5390/20807006
https://www.immoweb.be/en/classified/apartment/for-sale/wemmel/1780/20805591
https://www.immoweb.be/en/classified/apartment/for-sale/gent/9000/20810279
https://www.immoweb.be/en/classified/penthouse/for-sale/gent/9000/20810059
https://www.immoweb.be/en/classified/apartment/for-sale/jette/1090/20807037
https://www.immoweb.be/en/classified/apartment/for-sale/antwerpen/2018/20806257
https://www.immoweb.be/en/classified/house/for-sale/schoten/2900/20816746
https://www.immoweb.be/en/classified/house/for-sale/kasterlee-lichtaart/2460/20816720
https://www.immoweb.be/en/classified/house/for-sale/forest/1190/20816765
https://www.immoweb.be/en/classified/house/for-sale/izegem/8870/20797139
https://www.immoweb.be/en/classified/house/for-sale/mont-de-lenclus/7750/20795375
https://www.immoweb.be/en/classified/house/for-sale/oostkamp/8020/20797091
https://www.immoweb.be/en/classified/country-cottage/for-sale/libramont-chevigny/6800/20798179
https://www.immoweb.be/en/classified/house/for-sale/anlier/6721/20798540
https://www.immoweb.be/en/classified/house/for-sale/ravels/2380/20798982
https://www.immoweb.be/en/classified/house/for-sale/mol/2400/20798879
https://www.immoweb.be/en/classified/house/for-sale/antwerpen-berchem/2600/20797046
https://www.immoweb.be/en/classified/apartment/for-sale/sint-genesius-rode/1640/20762980
https://www.immoweb.be/en/classified/apartment/for-sale/laeken/1020/20706131
https://www.immoweb.be/en/classified/apartment/for-sale/anderlecht/1070/20661101
https://www.immoweb.be/en/classified/apartment/for-sale/uccle/1180/20593974
https://www.immoweb.be/en/classified/house/for-sale/opitter/3960/20810929
https://www.immoweb.be/en/classified/penthouse/for-sale/koningshooikt/2500/20810925
https://www.immoweb.be/en/classified/house/for-sale/etterbeek/1040/20810924
https://www.immoweb.be/en/classified/new-real-estate-project-apartments/for-sale/bruxelles/1000/20810910
https://www.immoweb.be/en/classified/apartment/for-sale/turnhout/2300/20810903
https://www.immoweb.be/en/classified/new-real-estate-project-houses/for-sale/soiron-pepinster/4861/20810898
https://www.immoweb.be/en/classified/ground-floor/for-sale/wilrijk/2610/20810896
https://www.immoweb.be/en/classified/house/for-sale/jodoigne/1370/20810879
https://www.immoweb.be/en/classified/farmhouse/for-sale/acosse/4219/20810877
https://www.immoweb.be/en/classified/house/for-sale/eghezee/5310/20810876
https://www.immoweb.be/en/classified/duplex/for-sale/antwerpen/2000/20810873
https://www.immoweb.be/en/classified/house/for-sale/linkebeek/1630/20789948
https://www.immoweb.be/en/classified/house/for-sale/pepinster/4860/20291778
https://www.immoweb.be/en/classified/country-cottage/for-sale/lubbeek/3210/20810870
https://www.immoweb.be/en/classified/house/for-sale/vaux-sur-sure/6642/20810869
https://www.immoweb.be/en/classified/villa/for-sale/dinant/5500/20810868
https://www.immoweb.be/en/classified/house/for-sale/peruwelz/7600/20810867
https://www.immoweb.be/en/classified/house/for-sale/villers-la-ville/1495/20810864
https://www.immoweb.be/en/classified/apartment/for-sale/schaerbeek/1030/20810862
https://www.immoweb.be/en/classified/apartment/for-sale/bruxelles/1120/20810857
https://www.immoweb.be/en/classified/house/for-sale/schaerbeek/1030/20810855
https://www.immoweb.be/en/classified/ground-floor/for-sale/schaerbeek/1030/20810856
https://www.immoweb.be/en/classified/ground-floor/for-sale/anderlecht/1070/20810854
https://www.immoweb.be/en/classified/apartment/for-sale/schaerbeek/1030/20810861
https://www.immoweb.be/en/classified/apartment/for-sale/evere/1140/20810853
https://www.immoweb.be/en/classified/apartment-block/for-sale/schaerbeek/1030/20810852
https://www.immoweb.be/en/classified/house/for-sale/berchem-sainte-agathe/1082/20810851
https://www.immoweb.be/en/classified/apartment/for-sale/forest/1190/20810860
https://www.immoweb.be/en/classified/house/for-sale/saint-josse-ten-noode/1210/20810850
https://www.immoweb.be/en/classified/apartment-block/for-sale/schaerbeek/1030/20810858
https://www.immoweb.be/en/classified/new-real-estate-project-houses/for-sale/wingene/8750/20372366
https://www.immoweb.be/en/classified/new-real-estate-project-apartments/for-sale/deinze/9800/20332544
https://www.immoweb.be/en/classified/new-real-estate-project-apartments/for-sale/koksijde/8670/10995335
https://www.immoweb.be/en/classified/new-real-estate-project-apartments/for-sale/evergem/9940/20277834
https://www.immoweb.be/en/classified/new-real-estate-project-houses/for-sale/meulebeke/8760/20739709
https://www.immoweb.be/en/classified/new-real-estate-project-houses/for-sale/deerlijk/8540/20626119
https://www.immoweb.be/en/classified/new-real-estate-project-apartments/for-sale/etterbeek/1040/20532458
https://www.immoweb.be/en/classified/new-real-estate-project-houses/for-sale/antwerpen-2050/2050/20627418
https://www.immoweb.be/en/classified/new-real-estate-project-apartments/for-sale/sint-truiden/3800/20427171
https://www.immoweb.be/en/classified/new-real-estate-project-houses/for-sale/anseremme/5500/20449997
https://www.immoweb.be/en/classified/new-real-estate-project-houses/for-sale/habay-la-neuve/6720/20186017
https://www.immoweb.be/en/classified/new-real-estate-project-apartments/for-sale/oostende/8400/20021704
https://www.immoweb.be/en/classified/new-real-estate-project-houses/for-sale/ichtegem/8480/20198549
https://www.immoweb.be/en/classified/new-real-estate-project-apartments/for-sale/waregem/8790/10383609
https://www.immoweb.be/en/classified/new-real-estate-project-houses/for-sale/aartrijke/8211/20169980
https://www.immoweb.be/en/classified/new-real-estate-project-houses/for-sale/denderleeuw/9470/10820325
https://www.immoweb.be/en/classified/new-real-estate-project-houses/for-sale/aalter/9880/10375549
https://www.immoweb.be/en/classified/new-real-estate-project-houses/for-sale/middelkerke/8430/20557369
https://www.immoweb.be/en/classified/new-real-estate-project-apartments/for-sale/anderlecht/1070/20612543
https://www.immoweb.be/en/classified/new-real-estate-project-houses/for-sale/herve/4650/10737084
https://www.immoweb.be/en/classified/new-real-estate-project-houses/for-sale/tielt-8700/8700/20083275
https://www.immoweb.be/en/classified/new-real-estate-project-houses/for-sale/bilzen/3740/10739614
https://www.immoweb.be/en/classified/new-real-estate-project-apartments/for-sale/merelbeke/9820/20534838
https://www.immoweb.be/en/classified/new-real-estate-project-houses/for-sale/aubange/6791/20624319
https://www.immoweb.be/en/classified/new-real-estate-project-apartments/for-sale/de-panne/8660/20416581
https://www.immoweb.be/en/classified/new-real-estate-project-houses/for-sale/lichtervelde/8810/20483231
https://www.immoweb.be/en/classified/new-real-estate-project-houses/for-sale/lichtervelde/8810/20065741
https://www.immoweb.be/en/classified/new-real-estate-project-apartments/for-sale/wondelgem/9032/20404663
https://www.immoweb.be/en/classified/new-real-estate-project-apartments/for-sale/wondelgem-gent/9032/20138271
https://www.immoweb.be/en/classified/new-real-estate-project-houses/for-sale/leopoldsburg/3970/20255074
https://www.immoweb.be/en/classified/house/for-sale/heusden-zolder/3550/20806694
https://www.immoweb.be/en/classified/house/for-sale/pepinster/4860/20753407
https://www.immoweb.be/en/classified/house/for-sale/sint-michiels/8200/20806691
https://www.immoweb.be/en/classified/loft/for-sale/sint-niklaas/9100/20806690
https://www.immoweb.be/en/classified/apartment/for-sale/bruxelles/1000/20806689
https://www.immoweb.be/en/classified/apartment/for-sale/knokke-heist/8300/20806688
https://www.immoweb.be/en/classified/house/for-sale/aarschot/3200/20806687
https://www.immoweb.be/en/classified/bungalow/for-sale/sint-lievens-esse/9550/20806685
https://www.immoweb.be/en/classified/apartment/for-sale/hoboken/2660/20619444
https://www.immoweb.be/en/classified/house/for-sale/stabroek/2940/20806682
https://www.immoweb.be/en/classified/house/for-sale/berchem-2600/2600/20806681
https://www.immoweb.be/en/classified/house/for-sale/villers-le-bouillet/4530/20806680
https://www.immoweb.be/en/classified/house/for-sale/aalter/9880/20806672
https://www.immoweb.be/en/classified/house/for-sale/nivelles/1400/20778989
https://www.immoweb.be/en/classified/apartment/for-sale/meerhout/2450/10927372
https://www.immoweb.be/en/classified/house/for-sale/herenthout/2270/20806669
https://www.immoweb.be/en/classified/house/for-sale/charleroi-gilly/6060/20806668
https://www.immoweb.be/en/classified/apartment/for-sale/liege/4000/20806665
https://www.immoweb.be/en/classified/apartment/for-sale/laeken/1020/20806664
https://www.immoweb.be/en/classified/house/for-sale/zwevezele/8750/20806663
https://www.immoweb.be/en/classified/new-real-estate-project-houses/for-sale/zoerle-parwijs/2260/20806660
https://www.immoweb.be/en/classified/new-real-estate-project-apartments/for-sale/westerlo/2260/20806658
https://www.immoweb.be/en/classified/house/for-sale/zoerle-parwijs/2260/20806659
https://www.immoweb.be/en/classified/house/for-sale/westerlo/2260/20806661
https://www.immoweb.be/en/classified/house/for-sale/zoerle-parwijs/2260/20806656
https://www.immoweb.be/en/classified/penthouse/for-sale/westerlo/2260/20806655
https://www.immoweb.be/en/classified/new-real-estate-project-houses/for-sale/westerlo/2260/20806662
https://www.immoweb.be/en/classified/house/for-sale/roeselare/8800/20806653
https://www.immoweb.be/en/classified/bungalow/for-sale/herzele/9550/20806652
https://www.immoweb.be/en/classified/house/for-sale/lauwe/8930/20806650
https://www.immoweb.be/en/classified/apartment/for-sale/deurne/2100/20810451
https://www.immoweb.be/en/classified/apartment/for-sale/bruxelles/1050/20811686
https://www.immoweb.be/en/classified/villa/for-sale/tervuren/3080/20814028
https://www.immoweb.be/en/classified/apartment/for-sale/antwerpen-2018/2018/20817067
https://www.immoweb.be/en/classified/house/for-sale/overijse/3090/20817898
https://www.immoweb.be/en/classified/house/for-sale/wavre/1300/20818692
https://www.immoweb.be/en/classified/house/for-sale/knokke-heist/8301/20817840
https://www.immoweb.be/en/classified/country-cottage/for-sale/knokke-heist/8301/20817839
https://www.immoweb.be/en/classified/house/for-sale/sint-kwintens-lennik/1750/20817938
https://www.immoweb.be/en/classified/exceptional-property/for-sale/mechelen/2800/20812550
https://www.immoweb.be/en/classified/house/for-sale/mechelen/2800/20812548
https://www.immoweb.be/en/classified/apartment/for-sale/lokeren/9160/20816048
https://www.immoweb.be/en/classified/apartment/for-sale/auderghem/1160/20814162
https://www.immoweb.be/en/classified/apartment/for-sale/watermael-boitsfort/1170/20814158
https://www.immoweb.be/en/classified/duplex/for-sale/uccle/1180/20813938
https://www.immoweb.be/en/classified/apartment/for-sale/middelkerke/8430/20812855
https://www.immoweb.be/en/classified/house/for-sale/aarschot/3200/20816567
https://www.immoweb.be/en/classified/house/for-sale/sint-pieters-leeuw/1600/20810219
https://www.immoweb.be/en/classified/house/for-sale/wezembeek-oppem/1970/20806107
https://www.immoweb.be/en/classified/apartment/for-sale/schaerbeek/1030/20814341
https://www.immoweb.be/en/classified/apartment/for-sale/diksmuide/8600/20817288
https://www.immoweb.be/en/classified/apartment/for-sale/sint-niklaas/9100/20818676
https://www.immoweb.be/en/classified/apartment/for-sale/uccle/1180/20816934
https://www.immoweb.be/en/classified/house/for-sale/flemalle/4400/20815290
https://www.immoweb.be/en/classified/house/for-sale/malderen/1840/20816257
https://www.immoweb.be/en/classified/villa/for-sale/rixensart/1330/20813934
https://www.immoweb.be/en/classified/apartment/for-sale/bruxelles/1210/20807734
https://www.immoweb.be/en/classified/apartment/for-sale/deurne/2100/20810436
https://www.immoweb.be/en/classified/apartment/for-sale/ottignies-louvain-la-neuve/1340/20811455
https://www.immoweb.be/en/classified/apartment/for-sale/berchem/2600/20810350
https://www.immoweb.be/en/classified/villa/for-sale/lille/2275/20818598
https://www.immoweb.be/en/classified/house/for-sale/schoten/2900/20818592
https://www.immoweb.be/en/classified/house/for-sale/brye/6222/20818591
https://www.immoweb.be/en/classified/country-cottage/for-sale/brye/6222/20818589
https://www.immoweb.be/en/classified/house/for-sale/brye/6222/20818590
https://www.immoweb.be/en/classified/duplex/for-sale/oisquercq-tubize/1480/20818584
https://www.immoweb.be/en/classified/apartment/for-sale/de-panne/8660/20818581
https://www.immoweb.be/en/classified/house/for-sale/de-panne/8660/20818580
https://www.immoweb.be/en/classified/villa/for-sale/zulte/9870/20818579
https://www.immoweb.be/en/classified/house/for-sale/nivelles/1400/20818577
https://www.immoweb.be/en/classified/duplex/for-sale/berchem/2600/20818574
https://www.immoweb.be/en/classified/new-real-estate-project-apartments/for-sale/wetteren/9230/20718953
https://www.immoweb.be/en/classified/new-real-estate-project-apartments/for-sale/wetteren/9230/20719342
https://www.immoweb.be/en/classified/new-real-estate-project-houses/for-sale/wetteren/9230/20780225
https://www.immoweb.be/en/classified/new-real-estate-project-houses/for-sale/ronse/9600/20654035
https://www.immoweb.be/en/classified/new-real-estate-project-houses/for-sale/wetteren/9230/20719341
https://www.immoweb.be/en/classified/house/for-sale/quaregnon/7390/20818570
https://www.immoweb.be/en/classified/apartment/for-sale/bruxelles/1000/20818564
https://www.immoweb.be/en/classified/house/for-sale/sint-truiden/3800/20818563
https://www.immoweb.be/en/classified/apartment/for-sale/bruxelles/1000/20818562
https://www.immoweb.be/en/classified/house/for-sale/zaventem/1930/20818560
https://www.immoweb.be/en/classified/apartment/for-sale/middelkerke/8430/20818559
https://www.immoweb.be/en/classified/bungalow/for-sale/plainevaux/4122/20818557
https://www.immoweb.be/en/classified/apartment/for-sale/mechelen/2800/20818554
https://www.immoweb.be/en/classified/house/for-sale/genappe/1470/20818553
https://www.immoweb.be/en/classified/apartment/for-sale/de-panne/8660/20818549
https://www.immoweb.be/en/classified/apartment/for-sale/de-panne/8660/20818548
https://www.immoweb.be/en/classified/flat-studio/for-sale/jette/1090/20818542
https://www.immoweb.be/en/classified/penthouse/for-sale/uccle/1180/20818541
https://www.immoweb.be/en/classified/apartment-block/for-sale/anderlecht/1070/20818540
https://www.immoweb.be/en/classified/apartment/for-sale/blankenberge/8370/20809715
https://www.immoweb.be/en/classified/apartment/for-sale/woluwe-saint-pierre/1150/20810736
https://www.immoweb.be/en/classified/house/for-sale/kessel-lo/3010/20815659
https://www.immoweb.be/en/classified/villa/for-sale/veldegem/8210/20816332
https://www.immoweb.be/en/classified/house/for-sale/lampernisse/8600/20815763
https://www.immoweb.be/en/classified/apartment/for-sale/knokke/8300/20811042
https://www.immoweb.be/en/classified/apartment/for-sale/bruxelles/1000/20813545
https://www.immoweb.be/en/classified/house/for-sale/ottignies-louvain-la-neuve/1341/20815380
https://www.immoweb.be/en/classified/house/for-sale/flemalle/4400/20793315
https://www.immoweb.be/en/classified/house/for-sale/eine/9700/20795053
https://www.immoweb.be/en/classified/house/for-sale/overijse/3090/20793759
https://www.immoweb.be/en/classified/house/for-sale/mechelen/2800/20797966
https://www.immoweb.be/en/classified/mixed-use-building/for-sale/ixelles/1050/20798119
https://www.immoweb.be/en/classified/house/for-sale/antwerpen/2050/20796467
https://www.immoweb.be/en/classified/apartment/for-sale/blankenberge/8370/20784095
https://www.immoweb.be/en/classified/apartment/for-sale/mortsel/2640/20783520
https://www.immoweb.be/en/classified/apartment/for-sale/mortsel/2640/20783521
https://www.immoweb.be/en/classified/duplex/for-sale/woluwe-saint-pierre/1150/20783358
https://www.immoweb.be/en/classified/apartment/for-sale/bruxelles/1000/20781425
https://www.immoweb.be/en/classified/apartment/for-sale/ixelles/1050/20781426
https://www.immoweb.be/en/classified/apartment/for-sale/nijlen/2560/20801139
https://www.immoweb.be/en/classified/apartment/for-sale/orp-jauche/1350/20803774
https://www.immoweb.be/en/classified/apartment/for-sale/orp-jauche/1350/20803825
https://www.immoweb.be/en/classified/apartment/for-sale/roeselare/8800/20783649
https://www.immoweb.be/en/classified/house/for-sale/izegem/8870/20803473
https://www.immoweb.be/en/classified/house/for-sale/assebroek/8310/20802063
https://www.immoweb.be/en/classified/house/for-sale/sint-niklaas/9100/20805883
https://www.immoweb.be/en/classified/apartment/for-sale/antwerpen-2050/2050/20799809
https://www.immoweb.be/en/classified/apartment/for-sale/molenbeek-saint-jean/1080/20800002
https://www.immoweb.be/en/classified/house/for-sale/westerlo/2260/20807277
https://www.immoweb.be/en/classified/house/for-sale/houtvenne/2235/20813834
https://www.immoweb.be/en/classified/chalet/for-sale/la-louviere/7070/20110628
https://www.immoweb.be/en/classified/house/for-sale/hooglede-gits/8830/20813098
https://www.immoweb.be/en/classified/ground-floor/for-sale/deurne/2100/20813828
https://www.immoweb.be/en/classified/apartment/for-sale/deurne/2100/20813823
https://www.immoweb.be/en/classified/apartment/for-sale/brugge/8000/20813825
https://www.immoweb.be/en/classified/house/for-sale/lauwe/8930/20813820
https://www.immoweb.be/en/classified/apartment/for-sale/kortrijk/8500/20813819
https://www.immoweb.be/en/classified/house/for-sale/beveren-kruibeke-zwijndrecht/9150/20813818
https://www.immoweb.be/en/classified/house/for-sale/balen/2490/20813817
https://www.immoweb.be/en/classified/house/for-sale/braine-lalleud/1420/20813814
https://www.immoweb.be/en/classified/house/for-sale/tessenderlo-ham/3980/20813812
https://www.immoweb.be/en/classified/apartment/for-sale/tubize/1480/20813805
https://www.immoweb.be/en/classified/house/for-sale/aalst/9300/20813803
https://www.immoweb.be/en/classified/mixed-use-building/for-sale/aalst/9300/20813802
https://www.immoweb.be/en/classified/apartment/for-sale/aalst/9300/20813800
https://www.immoweb.be/en/classified/house/for-sale/aalst/9300/20813798
https://www.immoweb.be/en/classified/villa/for-sale/heist-aan-zee/8301/20813796
https://www.immoweb.be/en/classified/house/for-sale/corswarem/4257/20813792
https://www.immoweb.be/en/classified/apartment/for-sale/ixelles/1050/20813791
https://www.immoweb.be/en/classified/house/for-sale/les-bons-villers/6210/20813789
https://www.immoweb.be/en/classified/house/for-sale/averbode/3271/20813788
https://www.immoweb.be/en/classified/ground-floor/for-sale/veerle/2431/20677739
https://www.immoweb.be/en/classified/house/for-sale/marchienne-au-pont/6030/20813785
https://www.immoweb.be/en/classified/house/for-sale/macon/6591/20813784
https://www.immoweb.be/en/classified/apartment/for-sale/geluwe/8940/20813778
https://www.immoweb.be/en/classified/house/for-sale/diksmuide/8600/20813773
https://www.immoweb.be/en/classified/house/for-sale/beersel/1650/20813771
https://www.immoweb.be/en/classified/apartment/for-sale/gent/9000/20813770
https://www.immoweb.be/en/classified/new-real-estate-project-houses/for-sale/sint-amandsberg/9040/20813766
https://www.immoweb.be/en/classified/new-real-estate-project-apartments/for-sale/wommelgem/2160/20774154
https://www.immoweb.be/en/classified/new-real-estate-project-apartments/for-sale/attre/7941/20776027
https://www.immoweb.be/en/classified/new-real-estate-project-apartments/for-sale/gent/9000/20740856
https://www.immoweb.be/en/classified/new-real-estate-project-apartments/for-sale/herent/3020/20775060
https://www.immoweb.be/en/classified/new-real-estate-project-apartments/for-sale/merchtem/1785/20773500
https://www.immoweb.be/en/classified/new-real-estate-project-houses/for-sale/gent/9000/20740855
https://www.immoweb.be/en/classified/new-real-estate-project-apartments/for-sale/noorderwijk/2200/20776533
https://www.immoweb.be/en/classified/new-real-estate-project-houses/for-sale/wetteren/9230/20773495
https://www.immoweb.be/en/classified/new-real-estate-project-apartments/for-sale/wetteren/9230/20773314
https://www.immoweb.be/en/classified/new-real-estate-project-houses/for-sale/wommelgem/2160/20774153
https://www.immoweb.be/en/classified/new-real-estate-project-houses/for-sale/gent/9000/20772190
https://www.immoweb.be/en/classified/house/for-sale/hulshout/2235/20771999
https://www.immoweb.be/en/classified/house/for-sale/westmeerbeek/2235/20772622
https://www.immoweb.be/en/classified/apartment/for-sale/merksem/2170/20779781
https://www.immoweb.be/en/classified/house/for-sale/yvoir/5530/20815792
https://www.immoweb.be/en/classified/house/for-sale/hastiere/5540/20815789
https://www.immoweb.be/en/classified/house/for-sale/dinant/5500/20815842
https://www.immoweb.be/en/classified/house/for-sale/hastiere/5540/20815802
https://www.immoweb.be/en/classified/villa/for-sale/dinant/5500/20815832
https://www.immoweb.be/en/classified/villa/for-sale/dinant/5500/20815793
https://www.immoweb.be/en/classified/house/for-sale/roeselare/8800/20814722
https://www.immoweb.be/en/classified/villa/for-sale/brasschaat/2930/20815491
https://www.immoweb.be/en/classified/house/for-sale/geraardsbergen/9500/20813943
https://www.immoweb.be/en/classified/house/for-sale/zottegem/9620/20792636
https://www.immoweb.be/en/classified/town-house/for-sale/saint-nicolas/4420/20795681
https://www.immoweb.be/en/classified/apartment/for-sale/oudenaarde/9700/20795362
https://www.immoweb.be/en/classified/house/for-sale/huy/4500/20793827
https://www.immoweb.be/en/classified/house/for-sale/beerzel/2580/20795990
https://www.immoweb.be/en/classified/house/for-sale/mechelen/2800/20797281
https://www.immoweb.be/en/classified/house/for-sale/drongen/9031/20793874
https://www.immoweb.be/en/classified/house/for-sale/sint-kruis/8310/20813374
https://www.immoweb.be/en/classified/house/for-sale/outer/9406/20813371
https://www.immoweb.be/en/classified/flat-studio/for-sale/de-panne/8660/20813370
https://www.immoweb.be/en/classified/apartment/for-sale/antwerpen-2020/2020/20813369
https://www.immoweb.be/en/classified/house/for-sale/nechin/7730/20813368
https://www.immoweb.be/en/classified/house/for-sale/balen/2490/20813367
https://www.immoweb.be/en/classified/house/for-sale/gijzegem/9308/20813366
https://www.immoweb.be/en/classified/house/for-sale/erpe-mere/9420/20813364
https://www.immoweb.be/en/classified/apartment/for-sale/ninove/9400/20813363
https://www.immoweb.be/en/classified/chalet/for-sale/laakdal/2430/20813362
https://www.immoweb.be/en/classified/house/for-sale/beersel/1651/20813360
https://www.immoweb.be/en/classified/house/for-sale/beersel/1650/20813359
https://www.immoweb.be/en/classified/new-real-estate-project-apartments/for-sale/heist-op-den-berg/2220/20813358
https://www.immoweb.be/en/classified/apartment/for-sale/ninove/9400/20813357
https://www.immoweb.be/en/classified/house/for-sale/sint-lievens-houtem/9520/20813355
https://www.immoweb.be/en/classified/bungalow/for-sale/de-haan/8420/20813353
https://www.immoweb.be/en/classified/house/for-sale/rekkem/8930/20813351
https://www.immoweb.be/en/classified/apartment/for-sale/meerbeke/9402/20813350
https://www.immoweb.be/en/classified/house/for-sale/ninove/9400/20813349
https://www.immoweb.be/en/classified/house/for-sale/blankenberge/8370/20813347
https://www.immoweb.be/en/classified/apartment/for-sale/deurne-2100/2100/20813345
https://www.immoweb.be/en/classified/house/for-sale/oostrozebeke/8780/20813341
https://www.immoweb.be/en/classified/house/for-sale/sint-kruis/8310/20813340
https://www.immoweb.be/en/classified/new-real-estate-project-apartments/for-sale/hasselt/3500/20813336
https://www.immoweb.be/en/classified/apartment/for-sale/keerbergen/3140/20813331
https://www.immoweb.be/en/classified/house/for-sale/nederhasselt/9400/20813328
https://www.immoweb.be/en/classified/apartment/for-sale/meerbeke/9402/20813327
https://www.immoweb.be/en/classified/ground-floor/for-sale/ninove/9400/20813324
https://www.immoweb.be/en/classified/apartment/for-sale/sint-amandsberg/9040/20733703
https://www.immoweb.be/en/classified/mansion/for-sale/roeselare/8800/20813319
https://www.immoweb.be/en/classified/apartment-block/for-sale/saint-josse-ten-noode/1210/20543382
https://www.immoweb.be/en/classified/villa/for-sale/esneux/4130/20741905
https://www.immoweb.be/en/classified/villa/for-sale/knokke-heist/8300/20770936
https://www.immoweb.be/en/classified/house/for-sale/uccle/1180/20756413
https://www.immoweb.be/en/classified/apartment/for-sale/tielt-8700/8700/20789517
https://www.immoweb.be/en/classified/apartment/for-sale/ressaix/7134/20790281
https://www.immoweb.be/en/classified/apartment/for-sale/oostende/8400/20790769
https://www.immoweb.be/en/classified/apartment/for-sale/brussel/1000/20791568
https://www.immoweb.be/en/classified/new-real-estate-project-apartments/for-sale/kapellen/2950/20792537
https://www.immoweb.be/en/classified/new-real-estate-project-apartments/for-sale/namur/5000/20790468
https://www.immoweb.be/en/classified/new-real-estate-project-apartments/for-sale/stekene/9190/20794639
https://www.immoweb.be/en/classified/house/for-sale/geraardsbergen/9500/20767492
https://www.immoweb.be/en/classified/house/for-sale/heist-op-den-berg/2220/20770720
https://www.immoweb.be/en/classified/house/for-sale/ixelles/1050/20608247
https://www.immoweb.be/en/classified/apartment/for-sale/orp-le-grand/1350/20809049
https://www.immoweb.be/en/classified/apartment/for-sale/orp-le-grand/1350/20809048
https://www.immoweb.be/en/classified/house/for-sale/oostduinkerke/8670/20809144
https://www.immoweb.be/en/classified/apartment/for-sale/schriek/2223/20804448
https://www.immoweb.be/en/classified/apartment/for-sale/schriek/2223/20804707
https://www.immoweb.be/en/classified/loft/for-sale/anderlecht/1070/20803486
https://www.immoweb.be/en/classified/apartment/for-sale/auderghem/1160/20804424
https://www.immoweb.be/en/classified/apartment/for-sale/heist-aan-zee/8301/20803353
https://www.immoweb.be/en/classified/penthouse/for-sale/antwerpen/2000/20807961
https://www.immoweb.be/en/classified/house/for-sale/diksmuide/8600/20813616
https://www.immoweb.be/en/classified/town-house/for-sale/dinant/5500/20815872
https://www.immoweb.be/en/classified/house/for-sale/blankenberge/8370/20815288
https://www.immoweb.be/en/classified/house/for-sale/westouter/8954/20813585
https://www.immoweb.be/en/classified/villa/for-sale/nieuwpoort/8620/20815972
https://www.immoweb.be/en/classified/house/for-sale/ieper/8900/20814697
https://www.immoweb.be/en/classified/house/for-sale/brugge/8000/20815293
https://www.immoweb.be/en/classified/house/for-sale/dendermonde/9200/20809845
https://www.immoweb.be/en/classified/house/for-sale/buggenhout/9255/20809842
https://www.immoweb.be/en/classified/apartment/for-sale/anderlecht/1070/20809843
https://www.immoweb.be/en/classified/house/for-sale/buggenhout/9255/20809844
https://www.immoweb.be/en/classified/house/for-sale/dendermonde/9200/20809840
https://www.immoweb.be/en/classified/apartment/for-sale/blankenberge/8370/20809841
https://www.immoweb.be/en/classified/apartment/for-sale/zeebrugge/8380/20809836
https://www.immoweb.be/en/classified/villa/for-sale/leuven/3000/20809835
https://www.immoweb.be/en/classified/apartment/for-sale/boom/2850/20809822
https://www.immoweb.be/en/classified/house/for-sale/limal/1300/20738126
https://www.immoweb.be/en/classified/new-real-estate-project-apartments/for-sale/woluwe-saint-lambert/1200/20809769
https://www.immoweb.be/en/classified/apartment/for-sale/gent/9000/20809768
https://www.immoweb.be/en/classified/house/for-sale/affligem/1790/20738556
https://www.immoweb.be/en/classified/house/for-sale/knokke-heist/8300/20809767
https://www.immoweb.be/en/classified/apartment/for-sale/tienen/3300/20473613
https://www.immoweb.be/en/classified/apartment/for-sale/knokke-zoute/8300/20809765
https://www.immoweb.be/en/classified/apartment/for-sale/sint-niklaas/9100/20809763
https://www.immoweb.be/en/classified/apartment/for-sale/sint-niklaas/9100/20809764
https://www.immoweb.be/en/classified/apartment/for-sale/sint-niklaas/9100/20809762
https://www.immoweb.be/en/classified/apartment/for-sale/sint-niklaas/9100/20809834
https://www.immoweb.be/en/classified/house/for-sale/hasselt/3500/20809761
https://www.immoweb.be/en/classified/new-real-estate-project-apartments/for-sale/brussels/1000/20809831
https://www.immoweb.be/en/classified/house/for-sale/aalst-9300/9300/20809757
https://www.immoweb.be/en/classified/house/for-sale/adegem/9991/20809755
https://www.immoweb.be/en/classified/apartment/for-sale/gent/9000/20809754
https://www.immoweb.be/en/classified/house/for-sale/menen/8930/20809752
https://www.immoweb.be/en/classified/apartment/for-sale/avelgem/8580/20809749
https://www.immoweb.be/en/classified/house/for-sale/adegem/9991/20809748
https://www.immoweb.be/en/classified/apartment/for-sale/bruxelles/1000/20809747
https://www.immoweb.be/en/classified/apartment/for-sale/halen/3545/20809746
https://www.immoweb.be/en/classified/apartment/for-sale/antwerpen/2170/20722654
https://www.immoweb.be/en/classified/apartment/for-sale/molenbeek-saint-jean/1080/11418745
https://www.immoweb.be/en/classified/ground-floor/for-sale/jette/1090/20702645
https://www.immoweb.be/en/classified/house/for-sale/wavre/1300/20164966
https://www.immoweb.be/en/classified/house/for-sale/bierges/1301/20161776
https://www.immoweb.be/en/classified/apartment/for-sale/uccle/1180/20687415
https://www.immoweb.be/en/classified/mixed-use-building/for-sale/rixensart/1330/11226153
https://www.immoweb.be/en/classified/apartment/for-sale/seraing/4102/20365499
https://www.immoweb.be/en/classified/house/for-sale/wavre/1300/20573737
https://www.immoweb.be/en/classified/apartment/for-sale/bornem/2880/20545292
https://www.immoweb.be/en/classified/house/for-sale/wavre/1300/20714051
https://www.immoweb.be/en/classified/house/for-sale/bierges/1301/20692975
https://www.immoweb.be/en/classified/apartment/for-sale/etterbeek/1040/20661494
https://www.immoweb.be/en/classified/apartment-block/for-sale/corroy-le-grand/1325/20615298
https://www.immoweb.be/en/classified/house/for-sale/corroy-le-grand/1325/20615297
https://www.immoweb.be/en/classified/apartment/for-sale/woluwe-saint-pierre-sint-pieters-woluwe/1150/20727057
https://www.immoweb.be/en/classified/penthouse/for-sale/antwerpen/2000/20773166
https://www.immoweb.be/en/classified/ground-floor/for-sale/antwerpen/2018/20764295
https://www.immoweb.be/en/classified/house/for-sale/boezinge/8904/20803374
https://www.immoweb.be/en/classified/house/for-sale/ronse/9600/20804123
https://www.immoweb.be/en/classified/house/for-sale/willebroek/2830/20805146
https://www.immoweb.be/en/classified/house/for-sale/couillet/6010/20805234
https://www.immoweb.be/en/classified/house/for-sale/zaventem/1930/20801788
https://www.immoweb.be/en/classified/town-house/for-sale/villers-le-bouillet-villers-le-bouillet/4530/20805085
https://www.immoweb.be/en/classified/apartment-block/for-sale/turnhout/2300/20779551
https://www.immoweb.be/en/classified/house/for-sale/anderlecht/1070/20806568
https://www.immoweb.be/en/classified/house/for-sale/galmaarden/1570/20805747
https://www.immoweb.be/en/classified/house/for-sale/antwerpen/2100/20778979
https://www.immoweb.be/en/classified/house/for-sale/durbuy/6940/20769748
https://www.immoweb.be/en/classified/house/for-sale/watermael-boitsfort/1170/20807476
https://www.immoweb.be/en/classified/house/for-sale/spa/4900/20812153
https://www.immoweb.be/en/classified/house/for-sale/kessel-lo/3010/20810374
https://www.immoweb.be/en/classified/house/for-sale/assebroek/8310/20812142
https://www.immoweb.be/en/classified/house/for-sale/mechelen/2800/20812141
https://www.immoweb.be/en/classified/house/for-sale/ronse/9600/20812140
https://www.immoweb.be/en/classified/house/for-sale/jurbise-masnuy-saint-jean/7050/20812139
https://www.immoweb.be/en/classified/house/for-sale/turnhout/2300/20812137
https://www.immoweb.be/en/classified/house/for-sale/herentals/2200/20812136
https://www.immoweb.be/en/classified/country-cottage/for-sale/grimbergen/1850/20812135
https://www.immoweb.be/en/classified/house/for-sale/londerzeel/1840/20812133
https://www.immoweb.be/en/classified/house/for-sale/bornem/2880/20812131
https://www.immoweb.be/en/classified/apartment/for-sale/lier/2500/20812129
https://www.immoweb.be/en/classified/house/for-sale/bassenge-eben-emael/4690/20599188
https://www.immoweb.be/en/classified/house/for-sale/keerbergen/3140/20812127
https://www.immoweb.be/en/classified/duplex/for-sale/la-louviere/7100/20812126
https://www.immoweb.be/en/classified/apartment/for-sale/watermael-boitsfort/1170/20812121
https://www.immoweb.be/en/classified/apartment/for-sale/antwerpen/2100/20812120
https://www.immoweb.be/en/classified/apartment-block/for-sale/ganshoren/1083/20812114
https://www.immoweb.be/en/classified/apartment/for-sale/ganshoren/1083/20812115
https://www.immoweb.be/en/classified/house/for-sale/turnhout/2300/20812112
https://www.immoweb.be/en/classified/house/for-sale/saint-gilles/1060/20812111
https://www.immoweb.be/en/classified/new-real-estate-project-apartments/for-sale/herent/3020/20812109
https://www.immoweb.be/en/classified/apartment/for-sale/anderlecht/1070/20812106
https://www.immoweb.be/en/classified/apartment/for-sale/bruxelles/1000/20812105
https://www.immoweb.be/en/classified/house/for-sale/lustin/5170/20705981
https://www.immoweb.be/en/classified/house/for-sale/charleroi/6000/20812104
https://www.immoweb.be/en/classified/apartment-block/for-sale/fleurus/6220/20771086
https://www.immoweb.be/en/classified/apartment/for-sale/sint-gillis-waas/9170/20812103
https://www.immoweb.be/en/classified/penthouse/for-sale/blankenberge/8370/20812101
https://www.immoweb.be/en/classified/house/for-sale/wervik/8940/20812100
https://www.immoweb.be/en/classified/new-real-estate-project-apartments/for-sale/marche-en-famenne/6900/20587006
https://www.immoweb.be/en/classified/new-real-estate-project-apartments/for-sale/lierde/9570/20722067
https://www.immoweb.be/en/classified/new-real-estate-project-apartments/for-sale/blankenberge/8370/20678977
https://www.immoweb.be/en/classified/new-real-estate-project-apartments/for-sale/wavre/1301/20780541
https://www.immoweb.be/en/classified/new-real-estate-project-apartments/for-sale/forest/1190/20709621
https://www.immoweb.be/en/classified/new-real-estate-project-apartments/for-sale/anderlecht/1070/20770358
https://www.immoweb.be/en/classified/new-real-estate-project-apartments/for-sale/oudenaarde/9700/20760871
https://www.immoweb.be/en/classified/new-real-estate-project-apartments/for-sale/saint-gilles/1060/20667616
https://www.immoweb.be/en/classified/new-real-estate-project-houses/for-sale/menen/8930/20696832
https://www.immoweb.be/en/classified/new-real-estate-project-apartments/for-sale/elsene/1050/20766409
https://www.immoweb.be/en/classified/new-real-estate-project-apartments/for-sale/braine-lalleud/1420/20776483
https://www.immoweb.be/en/classified/new-real-estate-project-apartments/for-sale/anderlecht/1070/20751479
https://www.immoweb.be/en/classified/new-real-estate-project-apartments/for-sale/arlon/6700/20773088
https://www.immoweb.be/en/classified/new-real-estate-project-apartments/for-sale/schaerbeek/1030/20710017
https://www.immoweb.be/en/classified/new-real-estate-project-apartments/for-sale/schaerbeek/1030/20557528
https://www.immoweb.be/en/classified/new-real-estate-project-apartments/for-sale/vilvoorde/1800/20656071
https://www.immoweb.be/en/classified/new-real-estate-project-apartments/for-sale/brussel/1000/20766388
https://www.immoweb.be/en/classified/new-real-estate-project-apartments/for-sale/gent/9040/20713559
https://www.immoweb.be/en/classified/new-real-estate-project-apartments/for-sale/brussel/1000/20766395
https://www.immoweb.be/en/classified/new-real-estate-project-apartments/for-sale/berchem-sainte-agathe/1082/20720394
https://www.immoweb.be/en/classified/new-real-estate-project-apartments/for-sale/dilbeek/1700/20720396
https://www.immoweb.be/en/classified/new-real-estate-project-apartments/for-sale/geraardsbergen/9500/20758893
https://www.immoweb.be/en/classified/new-real-estate-project-houses/for-sale/ingelmunster/8770/20732935
https://www.immoweb.be/en/classified/new-real-estate-project-apartments/for-sale/zedelgem/8210/20430344
https://www.immoweb.be/en/classified/new-real-estate-project-apartments/for-sale/uccle/1180/20764299
https://www.immoweb.be/en/classified/new-real-estate-project-apartments/for-sale/uccle/1180/20732299
https://www.immoweb.be/en/classified/new-real-estate-project-houses/for-sale/ittre-virginal-samme/1460/20743993
https://www.immoweb.be/en/classified/new-real-estate-project-apartments/for-sale/bruxelles/1000/20605765
https://www.immoweb.be/en/classified/new-real-estate-project-apartments/for-sale/braine-lalleud/1420/20717145
https://www.immoweb.be/en/classified/new-real-estate-project-apartments/for-sale/brussel/1000/20766419
https://www.immoweb.be/en/classified/penthouse/for-sale/bruxelles/1000/20814672
https://www.immoweb.be/en/classified/house/for-sale/knokke-heist/8300/20814671
https://www.immoweb.be/en/classified/villa/for-sale/braine-lalleud/1420/20814670
https://www.immoweb.be/en/classified/apartment/for-sale/sint-niklaas/9100/20729475
https://www.immoweb.be/en/classified/country-cottage/for-sale/wielsbeke-sint-baafs-vijve/8710/20814667
https://www.immoweb.be/en/classified/country-cottage/for-sale/wielsbeke-sint-baafs-vijve/8710/20814666
https://www.immoweb.be/en/classified/apartment/for-sale/gent/9000/20814665
https://www.immoweb.be/en/classified/house/for-sale/wervik/8940/20814664
https://www.immoweb.be/en/classified/house/for-sale/harelbeke/8530/20778999
https://www.immoweb.be/en/classified/apartment/for-sale/antwerpen-2000/2000/20814663
https://www.immoweb.be/en/classified/house/for-sale/ligny/5140/20814661
https://www.immoweb.be/en/classified/house/for-sale/beersel/1650/20745987
https://www.immoweb.be/en/classified/house/for-sale/beersel-dworp/1653/20745311
https://www.immoweb.be/en/classified/house/for-sale/lede-oordegem/9340/20814658
https://www.immoweb.be/en/classified/house/for-sale/diepenbeek/3590/20814657
https://www.immoweb.be/en/classified/house/for-sale/gent/9000/20814655
https://www.immoweb.be/en/classified/house/for-sale/aartrijke/8211/20814656
https://www.immoweb.be/en/classified/apartment/for-sale/gent/9000/20814654
https://www.immoweb.be/en/classified/apartment/for-sale/niel/2845/20814653
https://www.immoweb.be/en/classified/house/for-sale/berlare/9290/20814648
https://www.immoweb.be/en/classified/house/for-sale/berlare/9290/20814647
https://www.immoweb.be/en/classified/country-cottage/for-sale/ninove-nederhasselt/9400/20814646
https://www.immoweb.be/en/classified/apartment/for-sale/vilvoorde/1800/20814644
https://www.immoweb.be/en/classified/apartment/for-sale/gent/9000/20814643
https://www.immoweb.be/en/classified/loft/for-sale/antwerpen/2000/20814642
https://www.immoweb.be/en/classified/apartment/for-sale/antwerpen/2000/20814641
https://www.immoweb.be/en/classified/house/for-sale/gent/9000/20814639
https://www.immoweb.be/en/classified/apartment/for-sale/gent/9000/20625758
https://www.immoweb.be/en/classified/apartment/for-sale/gent/9000/20814635
https://www.immoweb.be/en/classified/apartment/for-sale/vilvoorde/1800/20814632
https://www.immoweb.be/en/classified/house/for-sale/lommel/3920/20809320
https://www.immoweb.be/en/classified/house/for-sale/rendeux/6987/20808063
https://www.immoweb.be/en/classified/house/for-sale/meix-devant-virton-limes/6769/20804794
https://www.immoweb.be/en/classified/house/for-sale/wetteren/9230/20812275
https://www.immoweb.be/en/classified/house/for-sale/bruxelles-bruxelles/1020/20812499
https://www.immoweb.be/en/classified/house/for-sale/woluwe-saint-pierre-woluwe-saint-pierre/1150/20807305
https://www.immoweb.be/en/classified/house/for-sale/brussel/1000/20812242
https://www.immoweb.be/en/classified/house/for-sale/uccle/1180/20810289
https://www.immoweb.be/en/classified/apartment/for-sale/wetteren/9230/20790303
https://www.immoweb.be/en/classified/flat-studio/for-sale/merksem/2170/20790838
https://www.immoweb.be/en/classified/apartment/for-sale/antwerpen/2170/20790833
https://www.immoweb.be/en/classified/apartment/for-sale/anzegem/8570/20791332
https://www.immoweb.be/en/classified/house/for-sale/kieldrecht/9130/20789957
https://www.immoweb.be/en/classified/flat-studio/for-sale/brasschaat/2930/20790827
https://www.immoweb.be/en/classified/flat-studio/for-sale/antwerpen/2050/20790832
https://www.immoweb.be/en/classified/apartment/for-sale/oostende/8400/20785913
https://www.immoweb.be/en/classified/apartment/for-sale/antwerpen/2600/20786480
https://www.immoweb.be/en/classified/apartment/for-sale/wilrijk/2610/20788826
https://www.immoweb.be/en/classified/house/for-sale/anderlecht/1070/20787901
https://www.immoweb.be/en/classified/house/for-sale/kemzeke/9190/20790671
https://www.immoweb.be/en/classified/house/for-sale/vilvoorde/1800/20785637
https://www.immoweb.be/en/classified/mixed-use-building/for-sale/wachtebeke/9185/20788218
https://www.immoweb.be/en/classified/house/for-sale/wachtebeke/9185/20788091
https://www.immoweb.be/en/classified/apartment/for-sale/knokke/8300/20786707
https://www.immoweb.be/en/classified/penthouse/for-sale/uccle/1180/20785486
https://www.immoweb.be/en/classified/villa/for-sale/waardamme/8020/20791289
https://www.immoweb.be/en/classified/house/for-sale/knokke-heist/8300/20785308
https://www.immoweb.be/en/classified/ground-floor/for-sale/oostende/8400/20804085
https://www.immoweb.be/en/classified/apartment/for-sale/uccle/1180/20807799
https://www.immoweb.be/en/classified/apartment/for-sale/aalter/9880/20807322
https://www.immoweb.be/en/classified/apartment/for-sale/saint-trond/3800/20811808
https://www.immoweb.be/en/classified/house/for-sale/athus/6791/20811806
https://www.immoweb.be/en/classified/apartment/for-sale/tournai/7500/20811804
https://www.immoweb.be/en/classified/apartment/for-sale/borsbeek/2150/20811800
https://www.immoweb.be/en/classified/house/for-sale/farciennes/6240/20811798
https://www.immoweb.be/en/classified/apartment/for-sale/munsterbilzen/3740/20811795
https://www.immoweb.be/en/classified/apartment/for-sale/mouscron/7700/20603801
https://www.immoweb.be/en/classified/mixed-use-building/for-sale/tournai/7500/20811793
https://www.immoweb.be/en/classified/apartment/for-sale/la-louviere/7100/20811791
https://www.immoweb.be/en/classified/apartment/for-sale/la-louviere/7100/20811789
https://www.immoweb.be/en/classified/duplex/for-sale/tournai/7500/20811788
https://www.immoweb.be/en/classified/villa/for-sale/kampenhout/1910/20735044
https://www.immoweb.be/en/classified/apartment/for-sale/la-louviere/7100/20811783
https://www.immoweb.be/en/classified/villa/for-sale/lint/2547/20811782
https://www.immoweb.be/en/classified/villa/for-sale/mouscron/7700/20811779
https://www.immoweb.be/en/classified/apartment/for-sale/mouscron/7700/20811760
https://www.immoweb.be/en/classified/house/for-sale/mouscron/7700/20811731
https://www.immoweb.be/en/classified/house/for-sale/liege-chenee/4032/20811729
https://www.immoweb.be/en/classified/house/for-sale/la-calamine/4720/20811728
https://www.immoweb.be/en/classified/ground-floor/for-sale/schaerbeek/1030/20811727
https://www.immoweb.be/en/classified/ground-floor/for-sale/schaerbeek/1030/20811726
https://www.immoweb.be/en/classified/apartment/for-sale/anderlecht/1070/20811724
https://www.immoweb.be/en/classified/mixed-use-building/for-sale/bruxelles/1000/20811723
https://www.immoweb.be/en/classified/villa/for-sale/schilde/2970/20811722
https://www.immoweb.be/en/classified/house/for-sale/vloesberg/7880/20811721
https://www.immoweb.be/en/classified/mansion/for-sale/ellezelles/7890/20811720
https://www.immoweb.be/en/classified/flat-studio/for-sale/ixelles/1050/20811717
https://www.immoweb.be/en/classified/house/for-sale/wepion/5100/20811716
https://www.immoweb.be/en/classified/apartment/for-sale/anderlecht/1070/20811710
https://www.immoweb.be/en/classified/apartment/for-sale/laeken/1020/20811707
https://www.immoweb.be/en/classified/apartment/for-sale/blankenberge/8370/20769854
https://www.immoweb.be/en/classified/apartment/for-sale/heist-aan-zee/8301/20767478
https://www.immoweb.be/en/classified/ground-floor/for-sale/deurne/2100/20772017
https://www.immoweb.be/en/classified/house/for-sale/bruxelles/1020/20802723
https://www.immoweb.be/en/classified/penthouse/for-sale/aalst-9300/9300/20768861
https://www.immoweb.be/en/classified/house/for-sale/evere/1140/20802213
https://www.immoweb.be/en/classified/villa/for-sale/brasschaat/2930/20800623
https://www.immoweb.be/en/classified/apartment/for-sale/knokke-heist/8300/20768305
https://www.immoweb.be/en/classified/house/for-sale/liege/4030/20780007
https://www.immoweb.be/en/classified/house/for-sale/turnhout/2300/20783413
https://www.immoweb.be/en/classified/house/for-sale/habay-la-neuve/6720/20717108
https://www.immoweb.be/en/classified/house/for-sale/onze-lieve-vrouw-waver/2861/20783552
https://www.immoweb.be/en/classified/apartment/for-sale/willebroek/2830/20792345
https://www.immoweb.be/en/classified/apartment/for-sale/antwerpen/2000/20794080
https://www.immoweb.be/en/classified/loft/for-sale/brussel/1000/20790882
https://www.immoweb.be/en/classified/apartment/for-sale/knokke-heist/8300/20792624
https://www.immoweb.be/en/classified/new-real-estate-project-apartments/for-sale/machelen/1830/20795351
https://www.immoweb.be/en/classified/new-real-estate-project-houses/for-sale/stekene/9190/20796293
https://www.immoweb.be/en/classified/new-real-estate-project-houses/for-sale/sint-niklaas/9100/20796775
https://www.immoweb.be/en/classified/house/for-sale/oupeye/4684/20684883
https://www.immoweb.be/en/classified/house/for-sale/zottegem/9620/20765244
https://www.immoweb.be/en/classified/apartment/for-sale/lier/2500/20812713
https://www.immoweb.be/en/classified/ground-floor/for-sale/lier/2500/20812714
https://www.immoweb.be/en/classified/house/for-sale/roeselare/8800/20814501
https://www.immoweb.be/en/classified/house/for-sale/gent/9000/20814438
https://www.immoweb.be/en/classified/house/for-sale/gent/9000/20814655
https://www.immoweb.be/en/classified/house/for-sale/gent/9000/20814639
https://www.immoweb.be/en/classified/house/for-sale/gent/9000/20814407
https://www.immoweb.be/en/classified/house/for-sale/gent/9000/20814392
https://www.immoweb.be/en/classified/apartment/for-sale/wondelgem/9032/20812288
https://www.immoweb.be/en/classified/house/for-sale/menen/8930/20810990
https://www.immoweb.be/en/classified/house/for-sale/houthalen/3530/20810988
https://www.immoweb.be/en/classified/house/for-sale/houthalen/3530/20810987
https://www.immoweb.be/en/classified/house/for-sale/houthalen/3530/20810986
https://www.immoweb.be/en/classified/house/for-sale/la-louviere/7100/20810984
https://www.immoweb.be/en/classified/apartment/for-sale/berchem/2600/20810982
https://www.immoweb.be/en/classified/penthouse/for-sale/lier/2500/20810979
https://www.immoweb.be/en/classified/loft/for-sale/lier/2500/20810978
https://www.immoweb.be/en/classified/town-house/for-sale/bohan/5550/20810977
https://www.immoweb.be/en/classified/apartment/for-sale/hasselt/3500/20810976
https://www.immoweb.be/en/classified/apartment/for-sale/knokke/8300/20810975
https://www.immoweb.be/en/classified/new-real-estate-project-houses/for-sale/kortrijk/8500/20545238
https://www.immoweb.be/en/classified/house/for-sale/mons-jemappes/7012/20810973
https://www.immoweb.be/en/classified/apartment/for-sale/kortrijk/8500/20492579
https://www.immoweb.be/en/classified/apartment/for-sale/wasseiges/4219/20810963
https://www.immoweb.be/en/classified/house/for-sale/chenee/4032/20810962
https://www.immoweb.be/en/classified/house/for-sale/grandmenil/6960/20810960
https://www.immoweb.be/en/classified/house/for-sale/kruibeke/9150/20810959
https://www.immoweb.be/en/classified/apartment/for-sale/sint-niklaas/9100/20810958
https://www.immoweb.be/en/classified/house/for-sale/oostrozebeke/8780/20810957
https://www.immoweb.be/en/classified/house/for-sale/hansbeke/9850/20810956
https://www.immoweb.be/en/classified/new-real-estate-project-apartments/for-sale/alveringem/8690/20492762
https://www.immoweb.be/en/classified/house/for-sale/geluveld/8980/20810948
https://www.immoweb.be/en/classified/house/for-sale/vinkt/9800/20810945
https://www.immoweb.be/en/classified/house/for-sale/vinkt/9800/20810946
https://www.immoweb.be/en/classified/house/for-sale/vinkt/9800/20810942
https://www.immoweb.be/en/classified/house/for-sale/vinkt/9800/20810939
https://www.immoweb.be/en/classified/apartment/for-sale/heusy/4802/20810937
https://www.immoweb.be/en/classified/house/for-sale/waregem/8790/20810936
https://www.immoweb.be/en/classified/house/for-sale/gembloux/5030/20810935
https://www.immoweb.be/en/classified/bungalow/for-sale/sint-niklaas/9100/20817214
https://www.immoweb.be/en/classified/apartment-block/for-sale/bruxelles/1000/20816880
https://www.immoweb.be/en/classified/apartment/for-sale/bruxelles/1000/20816977
https://www.immoweb.be/en/classified/apartment/for-sale/roeselare/8800/20802092
https://www.immoweb.be/en/classified/apartment/for-sale/geel/2440/20807520
https://www.immoweb.be/en/classified/ground-floor/for-sale/brasschaat/2930/20807509
https://www.immoweb.be/en/classified/apartment/for-sale/as/3665/20805133
https://www.immoweb.be/en/classified/apartment/for-sale/wemmel/1780/20805031
https://www.immoweb.be/en/classified/apartment/for-sale/woluwe-saint-lambert/1200/20797477
https://www.immoweb.be/en/classified/duplex/for-sale/brasschaat/2930/20807516
https://www.immoweb.be/en/classified/house/for-sale/seraing/4101/20809168
https://www.immoweb.be/en/classified/villa/for-sale/la-louviere-saint-vaast/7100/20807392
https://www.immoweb.be/en/classified/house/for-sale/hoboken/2660/20808073
https://www.immoweb.be/en/classified/house/for-sale/maarkedal/9680/20812368
https://www.immoweb.be/en/classified/house/for-sale/brakel/9660/20806157
https://www.immoweb.be/en/classified/apartment-block/for-sale/antwerpen/2018/20810079
https://www.immoweb.be/en/classified/mixed-use-building/for-sale/rebaix/7804/20810667
https://www.immoweb.be/en/classified/new-real-estate-project-apartments/for-sale/braine-lalleud/1420/20798984
https://www.immoweb.be/en/classified/apartment/for-sale/zeebrugge/8380/20815131
https://www.immoweb.be/en/classified/apartment/for-sale/schaerbeek/1030/20816543
https://www.immoweb.be/en/classified/apartment/for-sale/wenduine/8420/20815237
https://www.immoweb.be/en/classified/apartment/for-sale/gent/9000/20814588
https://www.immoweb.be/en/classified/house/for-sale/brakel/9660/20816193
https://www.immoweb.be/en/classified/house/for-sale/zottegem/9620/20816158
https://www.immoweb.be/en/classified/house/for-sale/geraardsbergen/9506/20816204
https://www.immoweb.be/en/classified/house/for-sale/tisselt/2830/20813889
https://www.immoweb.be/en/classified/mixed-use-building/for-sale/aalst/9300/20814128
https://www.immoweb.be/en/classified/house/for-sale/geraardsbergen/9500/20816180
https://www.immoweb.be/en/classified/mixed-use-building/for-sale/geraardsbergen/9500/20816179
https://www.immoweb.be/en/classified/villa/for-sale/machelen-1830/1830/20814721
https://www.immoweb.be/en/classified/apartment/for-sale/boom/2850/20817947
https://www.immoweb.be/en/classified/apartment/for-sale/ath/7800/20817943
https://www.immoweb.be/en/classified/house/for-sale/oudenaarde/9700/20817940
https://www.immoweb.be/en/classified/house/for-sale/ellezelles/7890/20817939
https://www.immoweb.be/en/classified/house/for-sale/sint-kwintens-lennik/1750/20817938
https://www.immoweb.be/en/classified/apartment/for-sale/antwerpen/2000/20817932
https://www.immoweb.be/en/classified/villa/for-sale/schoten/2900/20817931
https://www.immoweb.be/en/classified/house/for-sale/ransart/6043/20817929
https://www.immoweb.be/en/classified/bungalow/for-sale/yvoir/5530/20817930
https://www.immoweb.be/en/classified/apartment/for-sale/bruxelles/1000/20817927
https://www.immoweb.be/en/classified/house/for-sale/oudsbergen/3670/20817926
https://www.immoweb.be/en/classified/villa/for-sale/waterloo/1410/20729146
https://www.immoweb.be/en/classified/mansion/for-sale/ixelles/1050/20817924
https://www.immoweb.be/en/classified/apartment-block/for-sale/ixelles/1050/20817925
https://www.immoweb.be/en/classified/house/for-sale/rixensart/1332/20817922
https://www.immoweb.be/en/classified/house/for-sale/arendonk/2370/20269802
https://www.immoweb.be/en/classified/apartment/for-sale/edegem/2650/20817919
https://www.immoweb.be/en/classified/villa/for-sale/vlezenbeek/1602/20817914
https://www.immoweb.be/en/classified/house/for-sale/aartselaar/2630/20754338
https://www.immoweb.be/en/classified/house/for-sale/sint-gillis-waas/9170/20817911
https://www.immoweb.be/en/classified/apartment/for-sale/molenbeek-saint-jean/1080/20817910
https://www.immoweb.be/en/classified/house/for-sale/tervuren/3080/20757192
https://www.immoweb.be/en/classified/apartment/for-sale/ans/4430/20817907
https://www.immoweb.be/en/classified/house/for-sale/ath-lanquesaint/7800/20817906
https://www.immoweb.be/en/classified/house/for-sale/mol/2400/20572346
https://www.immoweb.be/en/classified/duplex/for-sale/ixelles/1050/20817904
https://www.immoweb.be/en/classified/apartment/for-sale/braine-lalleud/1420/20817902
https://www.immoweb.be/en/classified/house/for-sale/overijse/3090/20817898
https://www.immoweb.be/en/classified/house/for-sale/hechtel-eksel/3940/20817892
https://www.immoweb.be/en/classified/house/for-sale/lommel/3920/20817891
https://www.immoweb.be/en/classified/new-real-estate-project-houses/for-sale/roeselare/8800/20511774
https://www.immoweb.be/en/classified/new-real-estate-project-apartments/for-sale/ronse/9600/20701007
https://www.immoweb.be/en/classified/new-real-estate-project-apartments/for-sale/braine-lalleud/1420/20628885
https://www.immoweb.be/en/classified/new-real-estate-project-houses/for-sale/roeselare/8800/20730547
https://www.immoweb.be/en/classified/new-real-estate-project-houses/for-sale/oostkamp/8020/9884692
https://www.immoweb.be/en/classified/new-real-estate-project-houses/for-sale/aartrijke/8211/20567213
https://www.immoweb.be/en/classified/new-real-estate-project-houses/for-sale/westrozebeke/8840/20328942
https://www.immoweb.be/en/classified/new-real-estate-project-apartments/for-sale/diksmuide/8600/20078593
https://www.immoweb.be/en/classified/new-real-estate-project-apartments/for-sale/blankenberge/8370/8972061
https://www.immoweb.be/en/classified/new-real-estate-project-apartments/for-sale/blankenberge/8370/10712548
https://www.immoweb.be/en/classified/new-real-estate-project-houses/for-sale/roeselare/8800/20559442
https://www.immoweb.be/en/classified/new-real-estate-project-apartments/for-sale/brussel/1000/20026089
https://www.immoweb.be/en/classified/new-real-estate-project-houses/for-sale/waremme/4300/10740286
https://www.immoweb.be/en/classified/new-real-estate-project-apartments/for-sale/oostende/8400/11344101
https://www.immoweb.be/en/classified/new-real-estate-project-houses/for-sale/meulebeke/8760/20730462
https://www.immoweb.be/en/classified/new-real-estate-project-houses/for-sale/meulebeke/8760/20659212
https://www.immoweb.be/en/classified/new-real-estate-project-apartments/for-sale/waregem/8790/10446605
https://www.immoweb.be/en/classified/new-real-estate-project-houses/for-sale/roeselare/8800/20559456
https://www.immoweb.be/en/classified/new-real-estate-project-apartments/for-sale/etterbeek/1040/20620826
https://www.immoweb.be/en/classified/new-real-estate-project-houses/for-sale/menen/8930/20453222
https://www.immoweb.be/en/classified/new-real-estate-project-houses/for-sale/grammene/9800/10163793
https://www.immoweb.be/en/classified/new-real-estate-project-apartments/for-sale/kontich/2550/20673858
https://www.immoweb.be/en/classified/new-real-estate-project-apartments/for-sale/dilbeek/1700/20245169
https://www.immoweb.be/en/classified/new-real-estate-project-houses/for-sale/pelt/3900/20305813
https://www.immoweb.be/en/classified/new-real-estate-project-apartments/for-sale/beveren-waas/9120/20417304
https://www.immoweb.be/en/classified/new-real-estate-project-houses/for-sale/orp-le-grand/1350/10217658
https://www.immoweb.be/en/classified/new-real-estate-project-houses/for-sale/bray/7130/20567127
https://www.immoweb.be/en/classified/new-real-estate-project-houses/for-sale/roeselare/8800/20330550
https://www.immoweb.be/en/classified/new-real-estate-project-apartments/for-sale/oudenaarde/9700/20615675
https://www.immoweb.be/en/classified/new-real-estate-project-apartments/for-sale/libin/6890/20446001
https://www.immoweb.be/en/classified/apartment/for-sale/mortsel/2640/20806862
https://www.immoweb.be/en/classified/house/for-sale/mortsel/2640/20806860
https://www.immoweb.be/en/classified/apartment/for-sale/mortsel/2640/20806861
https://www.immoweb.be/en/classified/house/for-sale/mortsel/2640/20806858
https://www.immoweb.be/en/classified/flat-studio/for-sale/mortsel/2640/20806859
https://www.immoweb.be/en/classified/house/for-sale/mortsel/2640/20806857
https://www.immoweb.be/en/classified/house/for-sale/oostende/8400/20806845
https://www.immoweb.be/en/classified/apartment-block/for-sale/anderlecht/1070/20806824
https://www.immoweb.be/en/classified/house/for-sale/leopoldsburg/3970/20806816
https://www.immoweb.be/en/classified/apartment/for-sale/laken-bru/1000/20806814
https://www.immoweb.be/en/classified/house/for-sale/anderlues/6150/20806810
https://www.immoweb.be/en/classified/house/for-sale/saint-sauveur/7912/20806809
https://www.immoweb.be/en/classified/house/for-sale/marche-en-famenne/6900/20806808
https://www.immoweb.be/en/classified/house/for-sale/ternat/1742/20806803
https://www.immoweb.be/en/classified/villa/for-sale/antwerpen/2180/20806802
https://www.immoweb.be/en/classified/apartment/for-sale/zelzate/9060/20806801
https://www.immoweb.be/en/classified/flat-studio/for-sale/oostende/8400/20806800
https://www.immoweb.be/en/classified/apartment/for-sale/forest/1190/20806793
https://www.immoweb.be/en/classified/apartment/for-sale/forest/1190/20806792
https://www.immoweb.be/en/classified/apartment/for-sale/antwerpen/2018/20806791
https://www.immoweb.be/en/classified/apartment-block/for-sale/antwerpen/2018/20806790
https://www.immoweb.be/en/classified/house/for-sale/kuurne/8520/20636918
https://www.immoweb.be/en/classified/new-real-estate-project-apartments/for-sale/jodoigne/1370/20806341
https://www.immoweb.be/en/classified/apartment/for-sale/court-saint-etienne/1490/20806789
https://www.immoweb.be/en/classified/house/for-sale/tongeren/3700/20806787
https://www.immoweb.be/en/classified/house/for-sale/farciennes/6240/20806785
https://www.immoweb.be/en/classified/exceptional-property/for-sale/woluwe-saint-pierre/1150/20806783
https://www.immoweb.be/en/classified/mansion/for-sale/gent/9000/20806777
https://www.immoweb.be/en/classified/house/for-sale/grez-doiceau/1390/20806775
https://www.immoweb.be/en/classified/house/for-sale/schaerbeek/1030/20806772
https://www.immoweb.be/en/classified/apartment/for-sale/laeken/1020/20815443
https://www.immoweb.be/en/classified/apartment/for-sale/gent/9000/20812511
https://www.immoweb.be/en/classified/duplex/for-sale/knokke/8300/20810519
https://www.immoweb.be/en/classified/apartment/for-sale/turnhout/2300/20759939
https://www.immoweb.be/en/classified/apartment/for-sale/deurne/2100/20758511
https://www.immoweb.be/en/classified/apartment/for-sale/turnhout/2300/20759936
https://www.immoweb.be/en/classified/apartment/for-sale/turnhout/2300/20759981
https://www.immoweb.be/en/classified/apartment/for-sale/dilbeek/1700/20794282
https://www.immoweb.be/en/classified/house/for-sale/liege/4000/20545188
https://www.immoweb.be/en/classified/bungalow/for-sale/aywaille/4920/20720082
https://www.immoweb.be/en/classified/house/for-sale/woluwe-saint-pierre/1150/20774399
https://www.immoweb.be/en/classified/penthouse/for-sale/uccle/1180/20367608
https://www.immoweb.be/en/classified/house/for-sale/desselgem/8792/20812489
https://www.immoweb.be/en/classified/mixed-use-building/for-sale/haine-saint-pierre/7100/20813749
https://www.immoweb.be/en/classified/bungalow/for-sale/huy/4500/20812670
https://www.immoweb.be/en/classified/house/for-sale/heule/8501/20811054
https://www.immoweb.be/en/classified/house/for-sale/saint-ghislain/7330/20797764
https://www.immoweb.be/en/classified/house/for-sale/roeselare/8800/20811015
https://www.immoweb.be/en/classified/apartment/for-sale/willebroek/2830/20783615
https://www.immoweb.be/en/classified/town-house/for-sale/mouscron/7700/20809052
https://www.immoweb.be/en/classified/house/for-sale/meulebeke/8760/20809707
https://www.immoweb.be/en/classified/house/for-sale/merelbeke-melle/9820/20812325
https://www.immoweb.be/en/classified/house/for-sale/mechelen/2800/20813128
https://www.immoweb.be/en/classified/apartment/for-sale/oelegem/2520/20783495
https://www.immoweb.be/en/classified/house/for-sale/gentbrugge/9050/20812457
https://www.immoweb.be/en/classified/house/for-sale/anthisnes-anthisnes/4160/20809526
https://www.immoweb.be/en/classified/apartment-block/for-sale/ixelles/1050/20813649
https://www.immoweb.be/en/classified/apartment-block/for-sale/burcht/2070/20812540
https://www.immoweb.be/en/classified/house/for-sale/hoboken/2660/20812563
https://www.immoweb.be/en/classified/house/for-sale/lauw/3700/20812262
https://www.immoweb.be/en/classified/apartment/for-sale/gent/9000/20811094
https://www.immoweb.be/en/classified/apartment/for-sale/knokke-zoute/8300/20811092
https://www.immoweb.be/en/classified/house/for-sale/pajottegem/1755/20811090
https://www.immoweb.be/en/classified/house/for-sale/broechem/2520/20811089
https://www.immoweb.be/en/classified/house/for-sale/ertvelde/9940/20811087
https://www.immoweb.be/en/classified/apartment/for-sale/de-panne/8660/20567192
https://www.immoweb.be/en/classified/ground-floor/for-sale/zelzate/9060/20811086
https://www.immoweb.be/en/classified/house/for-sale/kluisbergen/9690/20811083
https://www.immoweb.be/en/classified/mixed-use-building/for-sale/sint-truiden/3800/20696213
https://www.immoweb.be/en/classified/town-house/for-sale/beveren-kruibeke-zwijndrecht/2070/20811080
https://www.immoweb.be/en/classified/apartment/for-sale/evere/1140/20811078
https://www.immoweb.be/en/classified/apartment/for-sale/bredene/8450/20811075
https://www.immoweb.be/en/classified/house/for-sale/wingene/8750/20811074
https://www.immoweb.be/en/classified/house/for-sale/halle/1500/20811072
https://www.immoweb.be/en/classified/house/for-sale/halle/1500/20811071
https://www.immoweb.be/en/classified/apartment/for-sale/roeselare/8800/20811070
https://www.immoweb.be/en/classified/farmhouse/for-sale/heers/3870/20766878
https://www.immoweb.be/en/classified/flat-studio/for-sale/bruxelles/1000/20811066
https://www.immoweb.be/en/classified/apartment/for-sale/bruxelles/1000/20811084
https://www.immoweb.be/en/classified/apartment/for-sale/sint-truiden/3800/20744239
https://www.immoweb.be/en/classified/apartment/for-sale/sint-idesbald/8670/20811062
https://www.immoweb.be/en/classified/apartment/for-sale/antwerpen-borgerhout/2140/20811060
https://www.immoweb.be/en/classified/villa/for-sale/sint-truiden/3800/20793891
https://www.immoweb.be/en/classified/house/for-sale/sint-michiels/8200/20811059
https://www.immoweb.be/en/classified/house/for-sale/binche/7130/20811056
https://www.immoweb.be/en/classified/apartment/for-sale/gent/9000/20811055
https://www.immoweb.be/en/classified/house/for-sale/heule/8501/20811054
https://www.immoweb.be/en/classified/apartment/for-sale/etterbeek/1040/20811049
https://www.immoweb.be/en/classified/apartment/for-sale/sint-idesbald/8670/20811047
https://www.immoweb.be/en/classified/apartment/for-sale/sint-truiden/3800/20749748
https://www.immoweb.be/en/classified/new-real-estate-project-apartments/for-sale/hoegaarden/3320/20327245
https://www.immoweb.be/en/classified/new-real-estate-project-houses/for-sale/corswarem/4257/20156305
https://www.immoweb.be/en/classified/new-real-estate-project-houses/for-sale/fontaine-leveque/6140/20641410
https://www.immoweb.be/en/classified/new-real-estate-project-apartments/for-sale/veurne/8630/10067238
https://www.immoweb.be/en/classified/new-real-estate-project-apartments/for-sale/koksijde/8670/11358557
https://www.immoweb.be/en/classified/new-real-estate-project-apartments/for-sale/wetteren/9230/20296875
https://www.immoweb.be/en/classified/new-real-estate-project-houses/for-sale/bavikhove/8531/20419176
https://www.immoweb.be/en/classified/new-real-estate-project-apartments/for-sale/sint-truiden/3800/11139028
https://www.immoweb.be/en/classified/new-real-estate-project-apartments/for-sale/ixelles/1050/20713586
https://www.immoweb.be/en/classified/new-real-estate-project-apartments/for-sale/ixelles/1050/11364543
https://www.immoweb.be/en/classified/new-real-estate-project-apartments/for-sale/eke/9810/20323961
https://www.immoweb.be/en/classified/new-real-estate-project-apartments/for-sale/izegem/8870/9993275
https://www.immoweb.be/en/classified/new-real-estate-project-houses/for-sale/sint-truiden/3800/20478648
https://www.immoweb.be/en/classified/new-real-estate-project-houses/for-sale/pervijze/8600/10020349
https://www.immoweb.be/en/classified/new-real-estate-project-apartments/for-sale/wetteren/9230/20719342
https://www.immoweb.be/en/classified/new-real-estate-project-apartments/for-sale/anzegem/8570/10761891
https://www.immoweb.be/en/classified/new-real-estate-project-houses/for-sale/ronse/9600/20654035
https://www.immoweb.be/en/classified/new-real-estate-project-apartments/for-sale/antwerpen/2018/20551745
https://www.immoweb.be/en/classified/new-real-estate-project-apartments/for-sale/profondeville/5170/20720318
https://www.immoweb.be/en/classified/new-real-estate-project-houses/for-sale/genappe/1470/10731409
https://www.immoweb.be/en/classified/new-real-estate-project-apartments/for-sale/ukkel/1180/20149768
https://www.immoweb.be/en/classified/new-real-estate-project-apartments/for-sale/westerlo/2260/20508963
https://www.immoweb.be/en/classified/new-real-estate-project-apartments/for-sale/middelkerke/8430/11314888
https://www.immoweb.be/en/classified/new-real-estate-project-apartments/for-sale/westende/8434/20290897
https://www.immoweb.be/en/classified/new-real-estate-project-houses/for-sale/meulebeke/8760/20507806
https://www.immoweb.be/en/classified/new-real-estate-project-apartments/for-sale/grembergen/9200/20126848
https://www.immoweb.be/en/classified/new-real-estate-project-houses/for-sale/hooglede/8830/9139284
https://www.immoweb.be/en/classified/new-real-estate-project-apartments/for-sale/roeselare/8800/11383433
https://www.immoweb.be/en/classified/new-real-estate-project-apartments/for-sale/bruxelles/1020/20190138
https://www.immoweb.be/en/classified/new-real-estate-project-houses/for-sale/roeselare/8800/20517797
https://www.immoweb.be/en/classified/apartment/for-sale/gembloux/5030/20807016
https://www.immoweb.be/en/classified/apartment/for-sale/uccle/1180/20807015
https://www.immoweb.be/en/classified/apartment/for-sale/herenthout/2270/20807011
https://www.immoweb.be/en/classified/apartment/for-sale/arendonk/2370/20805082
https://www.immoweb.be/en/classified/apartment/for-sale/anderlues/6150/20807008
https://www.immoweb.be/en/classified/duplex/for-sale/fernelmont/5390/20807006
https://www.immoweb.be/en/classified/apartment/for-sale/soumagne-ayeneux/4630/20807005
https://www.immoweb.be/en/classified/apartment/for-sale/fleron/4620/20807004
https://www.immoweb.be/en/classified/penthouse/for-sale/fleron/4620/20807003
https://www.immoweb.be/en/classified/penthouse/for-sale/soumagne-ayeneux/4630/20807001
https://www.immoweb.be/en/classified/apartment/for-sale/fleron/4620/20807002
https://www.immoweb.be/en/classified/ground-floor/for-sale/fleron/4620/20807000
https://www.immoweb.be/en/classified/ground-floor/for-sale/soumagne-ayeneux/4630/20806999
https://www.immoweb.be/en/classified/house/for-sale/antwerpen/2030/20806998
https://www.immoweb.be/en/classified/loft/for-sale/fleurus/6220/20806995
https://www.immoweb.be/en/classified/house/for-sale/jamoigne/6810/20806992
https://www.immoweb.be/en/classified/apartment/for-sale/anderlues/6150/20806991
https://www.immoweb.be/en/classified/house/for-sale/stekene/9190/20806990
https://www.immoweb.be/en/classified/apartment/for-sale/deurne/2100/20806988
https://www.immoweb.be/en/classified/house/for-sale/brecht/2960/20806986
https://www.immoweb.be/en/classified/house/for-sale/brasschaat/2930/20806984
https://www.immoweb.be/en/classified/house/for-sale/brasschaat/2930/20806982
https://www.immoweb.be/en/classified/ground-floor/for-sale/brasschaat/2930/20806979
https://www.immoweb.be/en/classified/service-flat/for-sale/brasschaat/2930/20806981
https://www.immoweb.be/en/classified/house/for-sale/brasschaat/2930/20806977
https://www.immoweb.be/en/classified/house/for-sale/brasschaat/2930/20806978
https://www.immoweb.be/en/classified/house/for-sale/schilde/2970/20806983
https://www.immoweb.be/en/classified/house/for-sale/brecht/2960/20806976
https://www.immoweb.be/en/classified/apartment/for-sale/brasschaat/2930/20806975
https://www.immoweb.be/en/classified/house/for-sale/anzegem/8570/20758156
https://www.immoweb.be/en/classified/apartment/for-sale/zandhoven/2240/20814072
https://www.immoweb.be/en/classified/apartment/for-sale/zandhoven/2240/20814075
https://www.immoweb.be/en/classified/apartment/for-sale/zelzate/9060/20811936
https://www.immoweb.be/en/classified/apartment/for-sale/evere/1140/20812168
https://www.immoweb.be/en/classified/apartment/for-sale/gent/9051/20811166
https://www.immoweb.be/en/classified/apartment/for-sale/blankenberge/8370/20810206
https://www.immoweb.be/en/classified/apartment/for-sale/uccle/1180/20806177
https://www.immoweb.be/en/classified/apartment/for-sale/etterbeek/1040/20807347
https://www.immoweb.be/en/classified/apartment/for-sale/machelen-1830/1830/20807863
https://www.immoweb.be/en/classified/apartment/for-sale/gent/9000/20809132
https://www.immoweb.be/en/classified/apartment/for-sale/leuven/3000/20806262
https://www.immoweb.be/en/classified/house/for-sale/tihange/4500/20818393
https://www.immoweb.be/en/classified/house/for-sale/gent/9000/20817689
https://www.immoweb.be/en/classified/house/for-sale/wichelen/9260/20817590
https://www.immoweb.be/en/classified/villa/for-sale/bilzen/3740/20818327
https://www.immoweb.be/en/classified/house/for-sale/menen/8930/20799581
https://www.immoweb.be/en/classified/house/for-sale/roeselare/8800/20799485
https://www.immoweb.be/en/classified/apartment/for-sale/aarlen/6700/20742497
https://www.immoweb.be/en/classified/apartment/for-sale/molenbeek-saint-jean/1080/20539146
https://www.immoweb.be/en/classified/apartment/for-sale/bruxelles/1000/20767219
https://www.immoweb.be/en/classified/flat-studio/for-sale/forest/1190/20729477
https://www.immoweb.be/en/classified/apartment/for-sale/bruxelles/1000/20736716
https://www.immoweb.be/en/classified/apartment/for-sale/schaerbeek/1030/20706819
https://www.immoweb.be/en/classified/apartment/for-sale/bruxelles/1000/20736718
https://www.immoweb.be/en/classified/apartment/for-sale/bruxelles/1000/20736715
https://www.immoweb.be/en/classified/apartment/for-sale/bruxelles/1000/20736717
https://www.immoweb.be/en/classified/loft/for-sale/bruxelles/1000/20773038
https://www.immoweb.be/en/classified/apartment/for-sale/bruxelles/1000/20448832
https://www.immoweb.be/en/classified/apartment/for-sale/bruxelles/1000/20736869
https://www.immoweb.be/en/classified/duplex/for-sale/uccle/1180/20738434
https://www.immoweb.be/en/classified/apartment/for-sale/gent-sint-denijs-westrem/9051/20814177
https://www.immoweb.be/en/classified/house/for-sale/deinze-astene/9800/20814168
https://www.immoweb.be/en/classified/house/for-sale/deinze-astene/9800/20814167
https://www.immoweb.be/en/classified/new-real-estate-project-houses/for-sale/deinze-astene/9800/20814166
https://www.immoweb.be/en/classified/house/for-sale/etterbeek/1040/20814161
https://www.immoweb.be/en/classified/apartment/for-sale/auderghem/1160/20814162
https://www.immoweb.be/en/classified/apartment/for-sale/watermael-boitsfort/1170/20814158
https://www.immoweb.be/en/classified/exceptional-property/for-sale/genk/3600/20814156
https://www.immoweb.be/en/classified/apartment/for-sale/aalst/9300/20814155
https://www.immoweb.be/en/classified/house/for-sale/antwerpen/2000/20814148
https://www.immoweb.be/en/classified/mixed-use-building/for-sale/saint-josse-ten-noode/1210/20733685
https://www.immoweb.be/en/classified/house/for-sale/gent/9031/20814145
https://www.immoweb.be/en/classified/apartment/for-sale/koekelberg/1081/20814144
https://www.immoweb.be/en/classified/ground-floor/for-sale/wetteren/9230/20814147
https://www.immoweb.be/en/classified/mixed-use-building/for-sale/aalst/9300/20814128
https://www.immoweb.be/en/classified/house/for-sale/anderlecht/1070/20814127
https://www.immoweb.be/en/classified/apartment/for-sale/ravels/2380/20814124
https://www.immoweb.be/en/classified/apartment/for-sale/ravels/2380/20814125
https://www.immoweb.be/en/classified/apartment/for-sale/ravels/2380/20814123
https://www.immoweb.be/en/classified/apartment/for-sale/ravels/2380/20814122
https://www.immoweb.be/en/classified/apartment/for-sale/ravels/2380/20814121
https://www.immoweb.be/en/classified/apartment/for-sale/mortsel/2640/20814118
https://www.immoweb.be/en/classified/house/for-sale/bornem/2880/20288706
https://www.immoweb.be/en/classified/apartment/for-sale/balen/2490/20814113
https://www.immoweb.be/en/classified/mansion/for-sale/le-roeulx/7070/20814110
https://www.immoweb.be/en/classified/duplex/for-sale/liege/4000/20814107
https://www.immoweb.be/en/classified/apartment/for-sale/bruxelles/1130/20814104
https://www.immoweb.be/en/classified/house/for-sale/chatelineau/6200/20814102
https://www.immoweb.be/en/classified/apartment/for-sale/anderlecht/1070/20814100
https://www.immoweb.be/en/classified/house/for-sale/lommel/3920/20814092
https://www.immoweb.be/en/classified/house/for-sale/les-bons-villers/6210/20813789
https://www.immoweb.be/en/classified/house/for-sale/libramont-rondu/6800/20812504
https://www.immoweb.be/en/classified/house/for-sale/aalbeke/8511/20812409
https://www.immoweb.be/en/classified/apartment-block/for-sale/liege/4020/20809272
https://www.immoweb.be/en/classified/house/for-sale/ottignies-louvain-la-neuve/1341/20813716
https://www.immoweb.be/en/classified/house/for-sale/bredene/8450/20810103
https://www.immoweb.be/en/classified/house/for-sale/zele/9240/20814743
https://www.immoweb.be/en/classified/house/for-sale/mont-saint-aubert/7542/20814070
https://www.immoweb.be/en/classified/house/for-sale/sterrebeek/1933/20814032
https://www.immoweb.be/en/classified/house/for-sale/de-pinte/9840/20810409
https://www.immoweb.be/en/classified/country-cottage/for-sale/grimbergen/1850/20812135
https://www.immoweb.be/en/classified/house/for-sale/uccle/1180/20814428
https://www.immoweb.be/en/classified/house/for-sale/schoten/2900/20810498
https://www.immoweb.be/en/classified/apartment/for-sale/laeken/1020/20812993
https://www.immoweb.be/en/classified/apartment/for-sale/ixelles/1050/20814766
https://www.immoweb.be/en/classified/loft/for-sale/durbuy/6940/20811475
https://www.immoweb.be/en/classified/apartment/for-sale/bruxelles-bruxelles/1000/20812995
https://www.immoweb.be/en/classified/ground-floor/for-sale/elsene/1050/20812664
https://www.immoweb.be/en/classified/apartment/for-sale/antwerpen/2000/20809719
https://www.immoweb.be/en/classified/apartment/for-sale/sint-joost-ten-node/1210/20815564
https://www.immoweb.be/en/classified/house/for-sale/scherpenheuvel-zichem/3272/20790782
https://www.immoweb.be/en/classified/apartment/for-sale/antwerpen/2000/20814299
https://www.immoweb.be/en/classified/house/for-sale/merksem/2170/20792084
https://www.immoweb.be/en/classified/ground-floor/for-sale/woluwe-saint-lambert/1200/20809589
https://www.immoweb.be/en/classified/house/for-sale/riemst/3770/20790190
https://www.immoweb.be/en/classified/apartment/for-sale/oostende/8400/20810532
https://www.immoweb.be/en/classified/house/for-sale/koningshooikt/2500/20794223
https://www.immoweb.be/en/classified/house/for-sale/haaltert/9450/20791074
https://www.immoweb.be/en/classified/apartment/for-sale/bruxelles/1050/20814943
https://www.immoweb.be/en/classified/house/for-sale/izegem/8870/20789576
https://www.immoweb.be/en/classified/house/for-sale/zuienkerke/8377/20810326
https://www.immoweb.be/en/classified/house/for-sale/lebbeke/9280/20810324
https://www.immoweb.be/en/classified/villa/for-sale/walcourt/5650/20810323
https://www.immoweb.be/en/classified/apartment/for-sale/edegem/2650/20810317
https://www.immoweb.be/en/classified/apartment-block/for-sale/antwerpen/2018/20810316
https://www.immoweb.be/en/classified/house/for-sale/zottegem/9620/20794352
https://www.immoweb.be/en/classified/house/for-sale/waregem/8790/20794467
https://www.immoweb.be/en/classified/house/for-sale/waregem/8790/20794447
https://www.immoweb.be/en/classified/house/for-sale/waregem/8790/20794363
https://www.immoweb.be/en/classified/apartment/for-sale/tielt-8700/8700/20794374
https://www.immoweb.be/en/classified/house/for-sale/oostakker/9041/20794434
https://www.immoweb.be/en/classified/house/for-sale/oostakker/9041/20794408
https://www.immoweb.be/en/classified/apartment/for-sale/mariakerke/9030/20794351
https://www.immoweb.be/en/classified/house/for-sale/ingooigem/8570/20794360
https://www.immoweb.be/en/classified/house/for-sale/lochristi/9080/20794441
https://www.immoweb.be/en/classified/house/for-sale/haasdonk/9120/20794412
https://www.immoweb.be/en/classified/house/for-sale/gavere/9890/20793817
https://www.immoweb.be/en/classified/house/for-sale/gavere/9890/20793910
https://www.immoweb.be/en/classified/house/for-sale/drongen/9031/20793928
https://www.immoweb.be/en/classified/house/for-sale/ertvelde/9940/20793795
https://www.immoweb.be/en/classified/house/for-sale/de-pinte/9840/20793821
https://www.immoweb.be/en/classified/house/for-sale/desselgem/8792/20793799
https://www.immoweb.be/en/classified/house/for-sale/anzegem/8570/20793833
https://www.immoweb.be/en/classified/house/for-sale/astene/9800/20793774
https://www.immoweb.be/en/classified/house/for-sale/asper/9890/20793905
https://www.immoweb.be/en/classified/house/for-sale/anzegem/8570/20793880
https://www.immoweb.be/en/classified/house/for-sale/anzegem/8570/20793802
https://www.immoweb.be/en/classified/farmhouse/for-sale/sivry-rance/6470/20705003
https://www.immoweb.be/en/classified/house/for-sale/wodecq/7890/20810314
https://www.immoweb.be/en/classified/house/for-sale/flobecq/7880/20810313
https://www.immoweb.be/en/classified/ground-floor/for-sale/wilrijk/2610/20737836
https://www.immoweb.be/en/classified/penthouse/for-sale/kontich/2550/20642870
https://www.immoweb.be/en/classified/apartment/for-sale/bornem/2880/20698024
https://www.immoweb.be/en/classified/apartment/for-sale/ixelles/1050/20575709
https://www.immoweb.be/en/classified/apartment/for-sale/grez-doiceau/1390/20664558
https://www.immoweb.be/en/classified/apartment/for-sale/zaventem/1932/20623236
https://www.immoweb.be/en/classified/apartment/for-sale/woluwe-saint-pierre/1150/20422085
https://www.immoweb.be/en/classified/apartment/for-sale/woluwe-saint-lambert/1200/20230625
https://www.immoweb.be/en/classified/apartment/for-sale/sint-amands/2890/20642952
https://www.immoweb.be/en/classified/apartment/for-sale/sint-kwintens-lennik/1750/20672710
https://www.immoweb.be/en/classified/apartment/for-sale/antwerpen/2050/20725975
https://www.immoweb.be/en/classified/apartment/for-sale/merksem/2170/20727350
https://www.immoweb.be/en/classified/house/for-sale/kortessem/3720/20790192
https://www.immoweb.be/en/classified/house/for-sale/oudenaarde/9700/20790771
https://www.immoweb.be/en/classified/apartment/for-sale/auderghem/1160/20209328
https://www.immoweb.be/en/classified/duplex/for-sale/rhode-saint-genese/1640/20532425
https://www.immoweb.be/en/classified/apartment/for-sale/liege/4020/20736661
https://www.immoweb.be/en/classified/apartment/for-sale/berchem/2600/20703732
https://www.immoweb.be/en/classified/ground-floor/for-sale/berchem/2600/20703731
https://www.immoweb.be/en/classified/apartment/for-sale/auderghem/1160/20536948
https://www.immoweb.be/en/classified/penthouse/for-sale/woluwe-saint-lambert/1200/20573418
https://www.immoweb.be/en/classified/ground-floor/for-sale/kontich/2550/20727559
https://www.immoweb.be/en/classified/penthouse/for-sale/leuven/3000/20740295
https://www.immoweb.be/en/classified/duplex/for-sale/leuven/3000/20740290
https://www.immoweb.be/en/classified/apartment/for-sale/herentals/2200/20764251
https://www.immoweb.be/en/classified/apartment/for-sale/westerlo/2260/20764244
https://www.immoweb.be/en/classified/apartment/for-sale/antwerpen/2018/20764443
https://www.immoweb.be/en/classified/house/for-sale/merksem/2170/20762812
https://www.immoweb.be/en/classified/apartment/for-sale/ixelles/1050/20798556
https://www.immoweb.be/en/classified/apartment/for-sale/jette/1090/20652077
https://www.immoweb.be/en/classified/apartment/for-sale/lier/2500/20807877
https://www.immoweb.be/en/classified/apartment/for-sale/haacht/3150/20807873
https://www.immoweb.be/en/classified/house/for-sale/schriek/2223/20807872
https://www.immoweb.be/en/classified/house/for-sale/lier/2500/20807871
https://www.immoweb.be/en/classified/house/for-sale/putte/2580/20807865
https://www.immoweb.be/en/classified/house/for-sale/putte/2580/20807864
https://www.immoweb.be/en/classified/apartment/for-sale/machelen-1830/1830/20807863
https://www.immoweb.be/en/classified/house/for-sale/putte/2580/20807862
https://www.immoweb.be/en/classified/house/for-sale/onze-lieve-vrouw-waver/2861/20807861
https://www.immoweb.be/en/classified/apartment/for-sale/mechelen/2800/20807860
https://www.immoweb.be/en/classified/house/for-sale/booischot/2221/20807857
https://www.immoweb.be/en/classified/house/for-sale/putte/2580/20807856
https://www.immoweb.be/en/classified/house/for-sale/hombeek/2811/20807853
https://www.immoweb.be/en/classified/house/for-sale/putte/2580/20807852
https://www.immoweb.be/en/classified/apartment/for-sale/saint-gilles/1060/20804886
https://www.immoweb.be/en/classified/apartment/for-sale/gent/9000/20807844
https://www.immoweb.be/en/classified/apartment-block/for-sale/westouter/8954/20805162
https://www.immoweb.be/en/classified/house/for-sale/meerle/2328/20807842
https://www.immoweb.be/en/classified/house/for-sale/brecht/2960/20807840
https://www.immoweb.be/en/classified/penthouse/for-sale/aalst/9300/20807836
https://www.immoweb.be/en/classified/house/for-sale/lier/2500/20807834
https://www.immoweb.be/en/classified/house/for-sale/menen/8930/20807825
https://www.immoweb.be/en/classified/villa/for-sale/pittem/8740/20807824
https://www.immoweb.be/en/classified/house/for-sale/bissegem/8501/20807816
https://www.immoweb.be/en/classified/villa/for-sale/heist-aan-zee/8301/20335443
https://www.immoweb.be/en/classified/apartment/for-sale/molenbeek-saint-jean/1080/20807813
https://www.immoweb.be/en/classified/house/for-sale/zwevezele/8750/20807812
https://www.immoweb.be/en/classified/house/for-sale/wevelgem/8560/20807811
https://www.immoweb.be/en/classified/apartment/for-sale/antwerpen-deurne/2100/20807810
https://www.immoweb.be/en/classified/apartment/for-sale/koksijde/8670/20807803
https://www.immoweb.be/en/classified/house/for-sale/liege/4000/20673334
https://www.immoweb.be/en/classified/apartment/for-sale/uccle/1180/20798965
https://www.immoweb.be/en/classified/apartment/for-sale/kluisbergen/9690/20778780
https://www.immoweb.be/en/classified/ground-floor/for-sale/deurne-2100/2100/20778777
https://www.immoweb.be/en/classified/apartment/for-sale/nieuwpoort/8620/20779426
https://www.immoweb.be/en/classified/house/for-sale/zulte/9870/20816833
https://www.immoweb.be/en/classified/penthouse/for-sale/woluwe-saint-lambert/1200/20745887
https://www.immoweb.be/en/classified/house/for-sale/marke/8510/20818077
https://www.immoweb.be/en/classified/house/for-sale/harelbeke/8530/20818186
https://www.immoweb.be/en/classified/mansion/for-sale/berchem/2600/20753326
https://www.immoweb.be/en/classified/house/for-sale/forest/1190/20817890
https://www.immoweb.be/en/classified/house/for-sale/eeklo/9900/20799236
https://www.immoweb.be/en/classified/apartment/for-sale/jette/1090/20795011
https://www.immoweb.be/en/classified/apartment/for-sale/liege/4000/20793435
https://www.immoweb.be/en/classified/apartment/for-sale/chaudfontaine/4050/20793418
https://www.immoweb.be/en/classified/apartment/for-sale/forest/1190/20795269
https://www.immoweb.be/en/classified/apartment/for-sale/oudenaarde/9700/20795475
https://www.immoweb.be/en/classified/apartment/for-sale/schaerbeek/1030/20797482
https://www.immoweb.be/en/classified/apartment/for-sale/ixelles/1050/20795473
https://www.immoweb.be/en/classified/villa/for-sale/westende/8434/20799576
https://www.immoweb.be/en/classified/apartment/for-sale/deinze/9800/20814506
https://www.immoweb.be/en/classified/apartment/for-sale/anderlecht/1070/20809732
https://www.immoweb.be/en/classified/duplex/for-sale/la-louviere/7100/20812126
https://www.immoweb.be/en/classified/apartment/for-sale/liege/4020/20811811
https://www.immoweb.be/en/classified/apartment/for-sale/laeken/1020/20815453
https://www.immoweb.be/en/classified/apartment/for-sale/laeken/1020/20815450
https://www.immoweb.be/en/classified/apartment/for-sale/kluizen/9940/20812718
https://www.immoweb.be/en/classified/apartment/for-sale/kluizen/9940/20812716
https://www.immoweb.be/en/classified/apartment/for-sale/auderghem/1160/20813421
https://www.immoweb.be/en/classified/apartment/for-sale/knokke-heist/8300/20813466
https://www.immoweb.be/en/classified/new-real-estate-project-apartments/for-sale/oudenaarde/9700/20811145
https://www.immoweb.be/en/classified/house/for-sale/houthalen-helchteren/3530/20811144
https://www.immoweb.be/en/classified/house/for-sale/ardooie/8850/20811143
https://www.immoweb.be/en/classified/apartment/for-sale/gent/9000/20811142
https://www.immoweb.be/en/classified/apartment/for-sale/haaltert/9450/20811141
https://www.immoweb.be/en/classified/duplex/for-sale/middelkerke/8430/20811135
https://www.immoweb.be/en/classified/apartment/for-sale/waregem/8790/20811131
https://www.immoweb.be/en/classified/apartment/for-sale/waregem/8790/20811134
https://www.immoweb.be/en/classified/house/for-sale/anzegem/8570/20811132
https://www.immoweb.be/en/classified/apartment/for-sale/temse/9140/20811183
https://www.immoweb.be/en/classified/house/for-sale/anzegem/8570/20811133
https://www.immoweb.be/en/classified/apartment/for-sale/deerlijk/8540/20811130
https://www.immoweb.be/en/classified/apartment/for-sale/deerlijk/8540/20811129
https://www.immoweb.be/en/classified/apartment/for-sale/deerlijk/8540/20811127
https://www.immoweb.be/en/classified/apartment/for-sale/waregem/8790/20811128
https://www.immoweb.be/en/classified/apartment/for-sale/waregem/8790/20811126
https://www.immoweb.be/en/classified/apartment/for-sale/knokke/8300/20811125
https://www.immoweb.be/en/classified/apartment/for-sale/harelbeke/8530/20811124
https://www.immoweb.be/en/classified/apartment/for-sale/vichte/8570/20811123
https://www.immoweb.be/en/classified/apartment/for-sale/vichte/8570/20811122
https://www.immoweb.be/en/classified/apartment/for-sale/anzegem/8570/20811121
https://www.immoweb.be/en/classified/house/for-sale/kluisbergen/9690/20811120
https://www.immoweb.be/en/classified/house/for-sale/opwijk/1745/20811117
https://www.immoweb.be/en/classified/house/for-sale/kortrijk/8500/20811113
https://www.immoweb.be/en/classified/apartment/for-sale/oostende/8400/20811104
https://www.immoweb.be/en/classified/new-real-estate-project-apartments/for-sale/saint-josse-ten-noode/1210/20811103
https://www.immoweb.be/en/classified/penthouse/for-sale/uccle/1180/20811100
https://www.immoweb.be/en/classified/house/for-sale/mere/9420/20811097
https://www.immoweb.be/en/classified/apartment/for-sale/sint-truiden/3800/20357935
https://www.immoweb.be/en/classified/house/for-sale/sint-truiden/3800/20696249
https://www.immoweb.be/en/classified/house/for-sale/seilles/5300/20810290
https://www.immoweb.be/en/classified/house/for-sale/soignies/7060/20807299
https://www.immoweb.be/en/classified/house/for-sale/chaussee-notre-dame-louvignies/7063/20805172
https://www.immoweb.be/en/classified/house/for-sale/athus/6791/20812451
https://www.immoweb.be/en/classified/house/for-sale/nalinnes/6120/20809590
https://www.immoweb.be/en/classified/villa/for-sale/sint-michiels/8200/20809595
https://www.immoweb.be/en/classified/house/for-sale/zulte/9870/20805659
https://www.immoweb.be/en/classified/house/for-sale/borgerhout/2140/20807951
https://www.immoweb.be/en/classified/house/for-sale/zulte/9870/20805660
https://www.immoweb.be/en/classified/house/for-sale/onze-lieve-vrouw-waver/2861/20807861
https://www.immoweb.be/en/classified/villa/for-sale/sint-gillis-waas/9170/20807441
https://www.immoweb.be/en/classified/house/for-sale/wemmel/1780/20812243
https://www.immoweb.be/en/classified/villa/for-sale/wemmel/1780/20812241
https://www.immoweb.be/en/classified/mansion/for-sale/gent/9000/20806777
https://www.immoweb.be/en/classified/house/for-sale/tienen/3300/20786748
https://www.immoweb.be/en/classified/house/for-sale/berlaar/2590/20785082
https://www.immoweb.be/en/classified/house/for-sale/berchem-sainte-agathe/1082/20791468
https://www.immoweb.be/en/classified/house/for-sale/berchem-sainte-agathe/1082/20788557
https://www.immoweb.be/en/classified/house/for-sale/zwijndrecht/2070/20785994
https://www.immoweb.be/en/classified/apartment/for-sale/strombeek-bever/1853/20813177
https://www.immoweb.be/en/classified/apartment/for-sale/oostende/8400/20813885
https://www.immoweb.be/en/classified/apartment/for-sale/aalst-9300/9300/20782718
https://www.immoweb.be/en/classified/house/for-sale/zottegem/9620/20799598
https://www.immoweb.be/en/classified/house/for-sale/zottegem/9620/20799606
https://www.immoweb.be/en/classified/house/for-sale/zottegem/9620/20799601
https://www.immoweb.be/en/classified/penthouse/for-sale/antwerpen-2000/2000/20784622
https://www.immoweb.be/en/classified/house/for-sale/willebroek/2830/20800782
https://www.immoweb.be/en/classified/house/for-sale/ceroux-mousty/1341/20799805
https://www.immoweb.be/en/classified/house/for-sale/boom/2850/20800780
https://www.immoweb.be/en/classified/house/for-sale/duffel/2570/20800770
https://www.immoweb.be/en/classified/house/for-sale/kortemark/8610/20813457
https://www.immoweb.be/en/classified/house/for-sale/seraing/4100/20813456
https://www.immoweb.be/en/classified/ground-floor/for-sale/ninove/9400/20813455
https://www.immoweb.be/en/classified/house/for-sale/appelterre-eichem/9400/20813451
https://www.immoweb.be/en/classified/house/for-sale/gent/9000/20813452
https://www.immoweb.be/en/classified/house/for-sale/ninove/9400/20813450
https://www.immoweb.be/en/classified/house/for-sale/de-pinte/9840/20813445
https://www.immoweb.be/en/classified/house/for-sale/mortsel/2640/20688521
https://www.immoweb.be/en/classified/apartment/for-sale/kortrijk/8500/20813442
https://www.immoweb.be/en/classified/house/for-sale/gent/9000/20813439
https://www.immoweb.be/en/classified/villa/for-sale/ninove/9400/20813437
https://www.immoweb.be/en/classified/house/for-sale/lauwe/8930/20813434
https://www.immoweb.be/en/classified/apartment/for-sale/knokke/8300/11343944
https://www.immoweb.be/en/classified/house/for-sale/geraardsbergen/9500/20813432
https://www.immoweb.be/en/classified/duplex/for-sale/knokke/8300/20813431
https://www.immoweb.be/en/classified/apartment/for-sale/knokke-zoute/8300/20813429
https://www.immoweb.be/en/classified/house/for-sale/gent/9000/20813430
https://www.immoweb.be/en/classified/house/for-sale/sint-maria-lierde/9570/20813427
https://www.immoweb.be/en/classified/ground-floor/for-sale/genk/3600/20813425
https://www.immoweb.be/en/classified/house/for-sale/antwerpen-2060/2060/20813426
https://www.immoweb.be/en/classified/apartment/for-sale/ninove/9400/20813424
https://www.immoweb.be/en/classified/service-flat/for-sale/wevelgem/8560/20813423
https://www.immoweb.be/en/classified/apartment/for-sale/knokke-zoute/8300/20813422
https://www.immoweb.be/en/classified/apartment/for-sale/auderghem/1160/20813421
https://www.immoweb.be/en/classified/apartment/for-sale/auderghem/1160/20813420
https://www.immoweb.be/en/classified/house/for-sale/moorslede/8890/20813419
https://www.immoweb.be/en/classified/apartment/for-sale/knokke-heist/8300/20813418
https://www.immoweb.be/en/classified/house/for-sale/hooglede/8830/20813417
https://www.immoweb.be/en/classified/duplex/for-sale/anderlecht/1070/20813415
https://www.immoweb.be/en/classified/apartment/for-sale/knokke-heist/8300/20813414
https://www.immoweb.be/en/classified/house/for-sale/aubange/6790/20778704
https://www.immoweb.be/en/classified/house/for-sale/diegem/1831/20803447
https://www.immoweb.be/en/classified/house/for-sale/brasschaat/2930/20807506
https://www.immoweb.be/en/classified/house/for-sale/laeken/1020/20807902
https://www.immoweb.be/en/classified/mixed-use-building/for-sale/uccle/1180/20803223
https://www.immoweb.be/en/classified/house/for-sale/ieper/8900/20804041
https://www.immoweb.be/en/classified/house/for-sale/oostende/8400/20804973
https://www.immoweb.be/en/classified/exceptional-property/for-sale/erpe/9420/20778740
https://www.immoweb.be/en/classified/house/for-sale/wemmel/1780/20804075
https://www.immoweb.be/en/classified/villa/for-sale/hoevenen/2940/20806092
https://www.immoweb.be/en/classified/villa/for-sale/sint-idesbald/8670/20802169
https://www.immoweb.be/en/classified/house/for-sale/braine-lalleud/1420/20807460
https://www.immoweb.be/en/classified/house/for-sale/sint-genesius-rode/1640/20807583
https://www.immoweb.be/en/classified/house/for-sale/lichtervelde/8810/20782684
https://www.immoweb.be/en/classified/house/for-sale/essen/2910/20788319
https://www.immoweb.be/en/classified/house/for-sale/anderlecht/1070/20786474
https://www.immoweb.be/en/classified/house/for-sale/roeselare/8800/20784788
https://www.immoweb.be/en/classified/house/for-sale/attert/6717/20781590
https://www.immoweb.be/en/classified/house/for-sale/gent/9050/20788553
https://www.immoweb.be/en/classified/house/for-sale/gent/9000/20782625
https://www.immoweb.be/en/classified/villa/for-sale/puurs/2870/20787414
https://www.immoweb.be/en/classified/house/for-sale/roeselare/8800/20785531
https://www.immoweb.be/en/classified/house/for-sale/ardooie/8850/20785529
https://www.immoweb.be/en/classified/house/for-sale/diksmuide/8600/20783181
https://www.immoweb.be/en/classified/villa/for-sale/kumtich/3300/20786141
https://www.immoweb.be/en/classified/house/for-sale/gent/9000/20783673
https://www.immoweb.be/en/classified/apartment/for-sale/ixelles/1050/20814767
https://www.immoweb.be/en/classified/apartment/for-sale/dendermonde/9200/20768364
https://www.immoweb.be/en/classified/apartment/for-sale/antwerpen/2020/20766927
https://www.immoweb.be/en/classified/apartment/for-sale/mechelen/2800/20767248
https://www.immoweb.be/en/classified/new-real-estate-project-apartments/for-sale/uccle/1180/20809692
https://www.immoweb.be/en/classified/house/for-sale/liege-grivegnee/4030/20715375
https://www.immoweb.be/en/classified/villa/for-sale/aalst/9308/20809688
https://www.immoweb.be/en/classified/villa/for-sale/aalst/9308/20809687
https://www.immoweb.be/en/classified/apartment/for-sale/antwerpen/2000/20809351
https://www.immoweb.be/en/classified/villa/for-sale/kessel-lo/3010/20809682
https://www.immoweb.be/en/classified/villa/for-sale/schilde/2970/20809680
https://www.immoweb.be/en/classified/house/for-sale/oupeye/4680/20809679
https://www.immoweb.be/en/classified/ground-floor/for-sale/mechelen-heffen/2801/20809674
https://www.immoweb.be/en/classified/house/for-sale/zandvliet/2040/20809666
https://www.immoweb.be/en/classified/new-real-estate-project-apartments/for-sale/gent/9000/20809667
https://www.immoweb.be/en/classified/apartment/for-sale/aalst/9300/20809664
https://www.immoweb.be/en/classified/house/for-sale/izegem/8870/20809672
https://www.immoweb.be/en/classified/house/for-sale/aalter/9880/20809660
https://www.immoweb.be/en/classified/villa/for-sale/wilrijk/2610/20809659
https://www.immoweb.be/en/classified/apartment/for-sale/nieuwpoort/8620/20809658
https://www.immoweb.be/en/classified/house/for-sale/zottegem/9620/20809656
https://www.immoweb.be/en/classified/house/for-sale/grand-reng/6560/20733477
https://www.immoweb.be/en/classified/chalet/for-sale/wenduine/8420/20809651
https://www.immoweb.be/en/classified/chalet/for-sale/wenduine/8420/20809650
https://www.immoweb.be/en/classified/chalet/for-sale/wenduine/8420/20809649
https://www.immoweb.be/en/classified/flat-studio/for-sale/middelkerke/8430/20403053
https://www.immoweb.be/en/classified/apartment/for-sale/middelkerke/8430/20809648
https://www.immoweb.be/en/classified/house/for-sale/dadizele/8890/20809646
https://www.immoweb.be/en/classified/apartment/for-sale/gent/9000/20809641
https://www.immoweb.be/en/classified/house/for-sale/bredene/8450/20809638
https://www.immoweb.be/en/classified/country-cottage/for-sale/zottegem/9620/20809631
https://www.immoweb.be/en/classified/flat-studio/for-sale/middelkerke/8430/20387626
https://www.immoweb.be/en/classified/apartment/for-sale/middelkerke/8421/20809630
https://www.immoweb.be/en/classified/apartment/for-sale/oostende/8400/20809629
https://www.immoweb.be/en/classified/apartment/for-sale/gent/9000/20797628
https://www.immoweb.be/en/classified/apartment/for-sale/gent/9000/20797706
https://www.immoweb.be/en/classified/apartment/for-sale/gent/9000/20797683
https://www.immoweb.be/en/classified/apartment/for-sale/gent/9000/20797714
https://www.immoweb.be/en/classified/apartment/for-sale/gent/9000/20797673
https://www.immoweb.be/en/classified/apartment/for-sale/ganshoren/1083/20795771
https://www.immoweb.be/en/classified/apartment/for-sale/oostende/8400/20792017
https://www.immoweb.be/en/classified/apartment/for-sale/berchem-2600/2600/20792041
https://www.immoweb.be/en/classified/service-flat/for-sale/gent/9000/20792531
https://www.immoweb.be/en/classified/apartment/for-sale/knokke-zoute/8300/20792562
https://www.immoweb.be/en/classified/apartment/for-sale/gent/9000/20794894
https://www.immoweb.be/en/classified/house/for-sale/tournai/7500/20762655
https://www.immoweb.be/en/classified/apartment/for-sale/braine-lalleud/1420/20816425
https://www.immoweb.be/en/classified/apartment/for-sale/braine-lalleud/1420/20816426
https://www.immoweb.be/en/classified/country-cottage/for-sale/hastiere/5542/20815786
https://www.immoweb.be/en/classified/house/for-sale/yvoir/5530/20815787
https://www.immoweb.be/en/classified/house/for-sale/hastiere/5542/20815813
https://www.immoweb.be/en/classified/house/for-sale/seraing-jemeppesur-meuse/4101/20814593
https://www.immoweb.be/en/classified/house/for-sale/roeselare/8800/20816148
https://www.immoweb.be/en/classified/house/for-sale/tenneville/6970/20816247
https://www.immoweb.be/en/classified/apartment/for-sale/de-haan/8420/20812948
https://www.immoweb.be/en/classified/house/for-sale/torhout/8820/20816015
https://www.immoweb.be/en/classified/house/for-sale/diksmuide/8600/20813617
https://www.immoweb.be/en/classified/apartment/for-sale/nivelles/1400/20810647
https://www.immoweb.be/en/classified/house/for-sale/gent/9000/20814625
https://www.immoweb.be/en/classified/house/for-sale/ledeberg/9050/20814624
https://www.immoweb.be/en/classified/penthouse/for-sale/bruxelles/1150/20810411
https://www.immoweb.be/en/classified/house/for-sale/geraardsbergen/9500/20814878
https://www.immoweb.be/en/classified/apartment/for-sale/auderghem/1160/20813420
https://www.immoweb.be/en/classified/apartment/for-sale/bruxelles/1000/20813082
https://www.immoweb.be/en/classified/house/for-sale/aalst/9300/20813888
https://www.immoweb.be/en/classified/duplex/for-sale/aalst/9300/20813899
https://www.immoweb.be/en/classified/penthouse/for-sale/liege/4000/20813886
https://www.immoweb.be/en/classified/apartment/for-sale/oostende/8400/20813885
https://www.immoweb.be/en/classified/house/for-sale/wijgmaal/3018/20813884
https://www.immoweb.be/en/classified/house/for-sale/bazel/9150/20813883
https://www.immoweb.be/en/classified/house/for-sale/wommelgem/2160/20813882
https://www.immoweb.be/en/classified/apartment/for-sale/de-haan/8420/20813881
https://www.immoweb.be/en/classified/exceptional-property/for-sale/ophain-bois-seigneur-isaac/1421/20813880
https://www.immoweb.be/en/classified/exceptional-property/for-sale/braine-lalleud/1420/20813877
https://www.immoweb.be/en/classified/house/for-sale/knokke-heist/8301/20813875
https://www.immoweb.be/en/classified/villa/for-sale/roeselare/8800/20813870
https://www.immoweb.be/en/classified/penthouse/for-sale/ittre/1460/20813867
https://www.immoweb.be/en/classified/ground-floor/for-sale/ittre/1460/20813868
https://www.immoweb.be/en/classified/bungalow/for-sale/lede/9340/20813863
https://www.immoweb.be/en/classified/villa/for-sale/juprelle/4450/20813860
https://www.immoweb.be/en/classified/villa/for-sale/slins/4450/20813861
https://www.immoweb.be/en/classified/town-house/for-sale/gent/9000/20813857
https://www.immoweb.be/en/classified/ground-floor/for-sale/antwerpen/2018/20813852
https://www.immoweb.be/en/classified/apartment/for-sale/saint-gilles/1060/20791320
https://www.immoweb.be/en/classified/house/for-sale/liege-grivegnee/4030/20620243
https://www.immoweb.be/en/classified/apartment/for-sale/ans/4430/20813847
https://www.immoweb.be/en/classified/other-property/for-sale/diest/3290/20813842
https://www.immoweb.be/en/classified/apartment/for-sale/tournai/7500/20813841
https://www.immoweb.be/en/classified/villa/for-sale/haaltert/9450/20813840
https://www.immoweb.be/en/classified/villa/for-sale/ninove-outer/9406/20813839
https://www.immoweb.be/en/classified/house/for-sale/hoogstraten/2320/20813838
https://www.immoweb.be/en/classified/house/for-sale/hemiksem/2620/20813837
https://www.immoweb.be/en/classified/apartment/for-sale/molenbeek-saint-jean/1080/20813836
https://www.immoweb.be/en/classified/apartment-block/for-sale/humbeek/1851/20813835
https://www.immoweb.be/en/classified/apartment/for-sale/berchem/2600/20811336
https://www.immoweb.be/en/classified/penthouse/for-sale/tervuren/3080/20809348
https://www.immoweb.be/en/classified/flat-studio/for-sale/saint-gilles/1060/20816218
https://www.immoweb.be/en/classified/house/for-sale/ronse/9600/20817292
https://www.immoweb.be/en/classified/house/for-sale/gent-wondelgem/9032/20817672
https://www.immoweb.be/en/classified/house/for-sale/beyne-heusay/4610/20818083
https://www.immoweb.be/en/classified/house/for-sale/verlaine/4537/20818392
https://www.immoweb.be/en/classified/house/for-sale/uccle/1180/20817256
https://www.immoweb.be/en/classified/new-real-estate-project-apartments/for-sale/bruxelles/1000/20806700
https://www.immoweb.be/en/classified/new-real-estate-project-apartments/for-sale/saint-josse-ten-noode/1210/20806708
https://www.immoweb.be/en/classified/new-real-estate-project-apartments/for-sale/sint-jans-molenbeek/1080/20807795
https://www.immoweb.be/en/classified/new-real-estate-project-apartments/for-sale/molenbeek-saint-jean/1080/20806706
https://www.immoweb.be/en/classified/new-real-estate-project-apartments/for-sale/veurne/8630/20805638
https://www.immoweb.be/en/classified/new-real-estate-project-apartments/for-sale/berchem-sainte-agathe/1082/20805319
https://www.immoweb.be/en/classified/new-real-estate-project-apartments/for-sale/ganshoren/1083/20805945
https://www.immoweb.be/en/classified/new-real-estate-project-apartments/for-sale/brugge/8000/20810001
https://www.immoweb.be/en/classified/new-real-estate-project-apartments/for-sale/geel/2440/20811277
https://www.immoweb.be/en/classified/new-real-estate-project-apartments/for-sale/anderlecht/1070/20806450
https://www.immoweb.be/en/classified/new-real-estate-project-apartments/for-sale/gent/9000/20809856
https://www.immoweb.be/en/classified/new-real-estate-project-apartments/for-sale/bruxelles/1000/20809477
https://www.immoweb.be/en/classified/new-real-estate-project-apartments/for-sale/molenbeek-saint-jean/1080/20808892
https://www.immoweb.be/en/classified/new-real-estate-project-apartments/for-sale/uccle/1180/20806710
https://www.immoweb.be/en/classified/new-real-estate-project-apartments/for-sale/woluwe-saint-lambert/1200/20809378
https://www.immoweb.be/en/classified/new-real-estate-project-houses/for-sale/franiere/5150/20810215
https://www.immoweb.be/en/classified/new-real-estate-project-apartments/for-sale/woluwe-saint-lambert/1200/20811527
https://www.immoweb.be/en/classified/new-real-estate-project-houses/for-sale/gavere/9890/20810792
https://www.immoweb.be/en/classified/new-real-estate-project-apartments/for-sale/gavere/9890/20810757
https://www.immoweb.be/en/classified/new-real-estate-project-apartments/for-sale/bruxelles/1000/20810910
https://www.immoweb.be/en/classified/new-real-estate-project-houses/for-sale/perwez/1360/20809222
https://www.immoweb.be/en/classified/new-real-estate-project-apartments/for-sale/braine-lalleud/1420/20808813
https://www.immoweb.be/en/classified/house/for-sale/sint-lambrechts-woluwe/1200/20818536
https://www.immoweb.be/en/classified/apartment/for-sale/oostende/8400/20818535
https://www.immoweb.be/en/classified/villa/for-sale/dinant/5500/20818532
https://www.immoweb.be/en/classified/apartment-block/for-sale/tournai/7500/20575760
https://www.immoweb.be/en/classified/house/for-sale/ieper/8900/20818528
https://www.immoweb.be/en/classified/new-real-estate-project-apartments/for-sale/forest/1190/20818518
https://www.immoweb.be/en/classified/apartment/for-sale/forest/1190/20818517
https://www.immoweb.be/en/classified/house/for-sale/huy/4500/20818516
https://www.immoweb.be/en/classified/house/for-sale/saint-nicolas/4420/20818514
https://www.immoweb.be/en/classified/apartment/for-sale/saint-nicolas-montegnee/4420/20818513
https://www.immoweb.be/en/classified/service-flat/for-sale/woluwe-saint-lambert/1200/20818511
https://www.immoweb.be/en/classified/house/for-sale/ninove/9400/20796561
https://www.immoweb.be/en/classified/house/for-sale/gent/9000/20795056
https://www.immoweb.be/en/classified/apartment/for-sale/aalst-9300/9300/20790801
https://www.immoweb.be/en/classified/house/for-sale/aalst-9300/9300/20779021
https://www.immoweb.be/en/classified/house/for-sale/aalst-9300/9300/20775183
https://www.immoweb.be/en/classified/house/for-sale/aalst-9300/9300/20775202
https://www.immoweb.be/en/classified/house/for-sale/aalst-9300/9300/20765296
https://www.immoweb.be/en/classified/house/for-sale/herzele/9550/20765246
https://www.immoweb.be/en/classified/apartment/for-sale/zele/9240/20755528
https://www.immoweb.be/en/classified/house/for-sale/aalst-9300/9300/20527860
https://www.immoweb.be/en/classified/apartment/for-sale/aalst-9300/9300/20697142
https://www.immoweb.be/en/classified/house/for-sale/aalst-9300/9300/20736386
https://www.immoweb.be/en/classified/apartment/for-sale/aalst-9300/9300/20692053
https://www.immoweb.be/en/classified/house/for-sale/gent/9000/20696275
https://www.immoweb.be/en/classified/triplex/for-sale/aalst-9300/9300/20647098
https://www.immoweb.be/en/classified/house/for-sale/aalst-9300/9300/20689850
https://www.immoweb.be/en/classified/house/for-sale/aalst-9300/9300/20643654
https://www.immoweb.be/en/classified/house/for-sale/denderleeuw/9470/20577138
https://www.immoweb.be/en/classified/apartment/for-sale/aalst-9300/9300/20541678
https://www.immoweb.be/en/classified/house/for-sale/hastiere/5540/20815778
https://www.immoweb.be/en/classified/apartment/for-sale/huy/4500/20785311
https://www.immoweb.be/en/classified/apartment/for-sale/blankenberge/8370/20784655
https://www.immoweb.be/en/classified/house/for-sale/zomergem/9930/20814432
https://www.immoweb.be/en/classified/apartment/for-sale/merksem/2170/20788362
https://www.immoweb.be/en/classified/house/for-sale/dinant/5500/20815884
https://www.immoweb.be/en/classified/house/for-sale/mechelen/2800/20816590
https://www.immoweb.be/en/classified/house/for-sale/izegem/8870/20816136
https://www.immoweb.be/en/classified/apartment/for-sale/nieuwpoort/8620/20783682
https://www.immoweb.be/en/classified/villa/for-sale/wespelaar/3150/20815245
https://www.immoweb.be/en/classified/house/for-sale/dongelberg/1370/20813500
https://www.immoweb.be/en/classified/house/for-sale/schoten/2900/20812857
https://www.immoweb.be/en/classified/house/for-sale/schoten/2900/20812822
https://www.immoweb.be/en/classified/apartment/for-sale/nieuwpoort/8620/20781891
https://www.immoweb.be/en/classified/house/for-sale/gent/9000/20813951
https://www.immoweb.be/en/classified/house/for-sale/sint-kruis/8310/20813374
https://www.immoweb.be/en/classified/mansion/for-sale/ellezelles/7890/20815494
https://www.immoweb.be/en/classified/house/for-sale/wijtschate/8953/20797765
https://www.immoweb.be/en/classified/house/for-sale/herstal-milmort/4041/20792653
https://www.immoweb.be/en/classified/house/for-sale/montegnee/4420/20759346
https://www.immoweb.be/en/classified/house/for-sale/melle/9090/20792637
https://www.immoweb.be/en/classified/house/for-sale/hoboken/2660/20795255
https://www.immoweb.be/en/classified/house/for-sale/grace-hollogne/4460/20793189
https://www.immoweb.be/en/classified/flat-studio/for-sale/auderghem/1160/20801814
https://www.immoweb.be/en/classified/apartment/for-sale/mortsel/2640/20801835
https://www.immoweb.be/en/classified/flat-studio/for-sale/ixelles/1050/20801694
https://www.immoweb.be/en/classified/apartment/for-sale/forest/1190/20804661
https://www.immoweb.be/en/classified/apartment/for-sale/bruxelles/1000/20804028
https://www.immoweb.be/en/classified/ground-floor/for-sale/wavre/1300/20327214
https://www.immoweb.be/en/classified/house/for-sale/nil-saint-vincent-saint-martin/1457/20686975
https://www.immoweb.be/en/classified/flat-studio/for-sale/antwerpen/2000/20812207
https://www.immoweb.be/en/classified/apartment/for-sale/antwerpen/2000/20812206
https://www.immoweb.be/en/classified/house/for-sale/torhout/8820/20812202
https://www.immoweb.be/en/classified/house/for-sale/woluwe-saint-lambert/1200/20812201
https://www.immoweb.be/en/classified/house/for-sale/halle/1500/20812200
https://www.immoweb.be/en/classified/apartment/for-sale/merksem/2170/20812199
https://www.immoweb.be/en/classified/apartment/for-sale/antwerpen/2000/20812190
https://www.immoweb.be/en/classified/house/for-sale/schoten/2900/20812189
https://www.immoweb.be/en/classified/house/for-sale/burcht/2070/20812193
https://www.immoweb.be/en/classified/penthouse/for-sale/antwerpen/2018/20812187
https://www.immoweb.be/en/classified/apartment/for-sale/wilrijk/2610/20812188
https://www.immoweb.be/en/classified/apartment/for-sale/roeselare/8800/20793382
https://www.immoweb.be/en/classified/house/for-sale/geel/2440/20726073
https://www.immoweb.be/en/classified/apartment/for-sale/gent/9000/20812183
https://www.immoweb.be/en/classified/house/for-sale/jeuk/3890/20812178
https://www.immoweb.be/en/classified/house/for-sale/jeuk/3890/20812177
https://www.immoweb.be/en/classified/house/for-sale/lier/2500/20812176
https://www.immoweb.be/en/classified/house/for-sale/bocholt/3950/20812175
https://www.immoweb.be/en/classified/apartment/for-sale/sint-andries/8200/20812173
https://www.immoweb.be/en/classified/apartment-block/for-sale/brugge/8000/20812174
https://www.immoweb.be/en/classified/apartment/for-sale/etterbeek/1040/20812171
https://www.immoweb.be/en/classified/apartment/for-sale/etterbeek/1040/20812170
https://www.immoweb.be/en/classified/apartment/for-sale/etterbeek/1040/20812169
https://www.immoweb.be/en/classified/apartment/for-sale/evere/1140/20812168
https://www.immoweb.be/en/classified/house/for-sale/antwerpen/2018/20812167
https://www.immoweb.be/en/classified/apartment/for-sale/beveren-waas/9120/20812166
https://www.immoweb.be/en/classified/house/for-sale/lasne/1380/20812161
https://www.immoweb.be/en/classified/apartment/for-sale/edegem/2650/20812156
https://www.immoweb.be/en/classified/house/for-sale/herzele/9550/20812155
https://www.immoweb.be/en/classified/apartment/for-sale/schaerbeek/1030/20812154
https://www.immoweb.be/en/classified/house/for-sale/ciney/5590/20570970
https://www.immoweb.be/en/classified/house/for-sale/neufchateau/6840/20570434
https://www.immoweb.be/en/classified/apartment/for-sale/borgerhout/2140/20778555
https://www.immoweb.be/en/classified/house/for-sale/gent/9000/20775878
https://www.immoweb.be/en/classified/house/for-sale/jumet/6040/20614401
https://www.immoweb.be/en/classified/mansion/for-sale/melreux/6990/20768938
https://www.immoweb.be/en/classified/house/for-sale/silly/7830/20646718
https://www.immoweb.be/en/classified/apartment-block/for-sale/forest/1190/20656160
https://www.immoweb.be/en/classified/house/for-sale/libramont-chevigny/6800/20768925
https://www.immoweb.be/en/classified/house/for-sale/wavre/1300/20774877
https://www.immoweb.be/en/classified/house/for-sale/orp-le-grand/1350/20760358
https://www.immoweb.be/en/classified/house/for-sale/durbuy/6940/20641017
https://www.immoweb.be/en/classified/apartment-block/for-sale/saint-gilles/1060/20594272
https://www.immoweb.be/en/classified/house/for-sale/deinze/9800/20597871
https://www.immoweb.be/en/classified/house/for-sale/wemmel/1780/20611687
https://www.immoweb.be/en/classified/exceptional-property/for-sale/marche-en-famenne/6900/20743348
https://www.immoweb.be/en/classified/house/for-sale/rixensart/1330/20611020
https://www.immoweb.be/en/classified/apartment-block/for-sale/laeken/1020/20666264
https://www.immoweb.be/en/classified/mansion/for-sale/laeken/1020/20666140
https://www.immoweb.be/en/classified/villa/for-sale/diegem/1831/20737111
https://www.immoweb.be/en/classified/exceptional-property/for-sale/bievre-oizy/5555/20533481
https://www.immoweb.be/en/classified/house/for-sale/schaerbeek/1030/20757320
https://www.immoweb.be/en/classified/house/for-sale/deinze/9800/20586269
https://www.immoweb.be/en/classified/villa/for-sale/limelette/1342/20766114
https://www.immoweb.be/en/classified/villa/for-sale/wezembeek-oppem/1970/20735899
https://www.immoweb.be/en/classified/exceptional-property/for-sale/zaventem-sterrebeek/1933/20585709
https://www.immoweb.be/en/classified/villa/for-sale/wezembeek-oppem/1970/20773149
https://www.immoweb.be/en/classified/house/for-sale/meise/1860/20738178
https://www.immoweb.be/en/classified/house/for-sale/woluwe-saint-pierre/1150/20751175
https://www.immoweb.be/en/classified/house/for-sale/woluwe-saint-pierre/1150/20627314
https://www.immoweb.be/en/classified/house/for-sale/somme-leuze/5377/20810030
https://www.immoweb.be/en/classified/new-real-estate-project-apartments/for-sale/brugge/8000/20810001
https://www.immoweb.be/en/classified/new-real-estate-project-apartments/for-sale/brugge/8000/20809997
https://www.immoweb.be/en/classified/new-real-estate-project-apartments/for-sale/brugge/8000/20809993
https://www.immoweb.be/en/classified/new-real-estate-project-apartments/for-sale/brugge/8000/20809981
https://www.immoweb.be/en/classified/new-real-estate-project-apartments/for-sale/brugge/8000/20809971
https://www.immoweb.be/en/classified/house/for-sale/ninove/9400/20809968
https://www.immoweb.be/en/classified/penthouse/for-sale/lint/2547/20809967
https://www.immoweb.be/en/classified/penthouse/for-sale/kontich/2550/20809965
https://www.immoweb.be/en/classified/house/for-sale/adegem/9991/20809956
https://www.immoweb.be/en/classified/villa/for-sale/knokke-heist/8300/20809954
https://www.immoweb.be/en/classified/house/for-sale/oostduinkerke/8670/20809953
https://www.immoweb.be/en/classified/apartment/for-sale/menen/8930/20809952
https://www.immoweb.be/en/classified/apartment/for-sale/anderlecht/1070/20809937
https://www.immoweb.be/en/classified/apartment/for-sale/aalst-9300/9300/20718540
https://www.immoweb.be/en/classified/apartment/for-sale/gent/9000/20809921
https://www.immoweb.be/en/classified/house/for-sale/adegem/9991/20809920
https://www.immoweb.be/en/classified/house/for-sale/la-louviere-maurage/7110/20809917
https://www.immoweb.be/en/classified/house/for-sale/adegem/9991/20809916
https://www.immoweb.be/en/classified/new-real-estate-project-apartments/for-sale/gent/9000/20809915
https://www.immoweb.be/en/classified/apartment/for-sale/knokke-heist/8300/20809857
https://www.immoweb.be/en/classified/new-real-estate-project-apartments/for-sale/gent/9000/20809856
https://www.immoweb.be/en/classified/house/for-sale/torhout/8820/20806624
https://www.immoweb.be/en/classified/house/for-sale/meise/1861/20809855
https://www.immoweb.be/en/classified/house/for-sale/hofstade-9308/9308/20809853
https://www.immoweb.be/en/classified/house/for-sale/tessenderlo-ham/3945/20809852
https://www.immoweb.be/en/classified/apartment/for-sale/gent/9000/20809851
https://www.immoweb.be/en/classified/apartment-block/for-sale/angleur-liege/4031/20809850
https://www.immoweb.be/en/classified/house/for-sale/durbuy/6940/20809849
https://www.immoweb.be/en/classified/house/for-sale/buggenhout/9255/20809847
https://www.immoweb.be/en/classified/country-cottage/for-sale/yvoir/5530/20815785
https://www.immoweb.be/en/classified/country-cottage/for-sale/yvoir/5530/20815791
https://www.immoweb.be/en/classified/new-real-estate-project-apartments/for-sale/beveren-waas/9120/20751944
https://www.immoweb.be/en/classified/new-real-estate-project-apartments/for-sale/herentals/2200/20761411
https://www.immoweb.be/en/classified/new-real-estate-project-apartments/for-sale/turnhout/2300/20762049
https://www.immoweb.be/en/classified/new-real-estate-project-apartments/for-sale/noorderwijk/2200/20762103
https://www.immoweb.be/en/classified/new-real-estate-project-apartments/for-sale/ronse/9600/20697967
https://www.immoweb.be/en/classified/new-real-estate-project-apartments/for-sale/turnhout/2300/20763250
https://www.immoweb.be/en/classified/new-real-estate-project-apartments/for-sale/bruxelles/1210/20423190
https://www.immoweb.be/en/classified/new-real-estate-project-apartments/for-sale/vosselaar/2350/20763251
https://www.immoweb.be/en/classified/new-real-estate-project-houses/for-sale/turnhout/2300/20763375
https://www.immoweb.be/en/classified/new-real-estate-project-houses/for-sale/olen/2250/20762097
https://www.immoweb.be/en/classified/house/for-sale/zottegem/9620/20812878
https://www.immoweb.be/en/classified/new-real-estate-project-apartments/for-sale/olen/2250/20763371
https://www.immoweb.be/en/classified/new-real-estate-project-houses/for-sale/olen/2250/20762117
https://www.immoweb.be/en/classified/house/for-sale/lasne/1380/20812715
https://www.immoweb.be/en/classified/new-real-estate-project-houses/for-sale/noorderwijk/2200/20761914
https://www.immoweb.be/en/classified/house/for-sale/wichelen/9260/20815225
https://www.immoweb.be/en/classified/house/for-sale/olen/2250/20814252
https://www.immoweb.be/en/classified/bungalow/for-sale/sterrebeek/1933/20814033
https://www.immoweb.be/en/classified/new-real-estate-project-apartments/for-sale/bruxelles/1000/20729662
https://www.immoweb.be/en/classified/apartment/for-sale/gent/9000/20816371
https://www.immoweb.be/en/classified/apartment/for-sale/gent/9000/20816302
https://www.immoweb.be/en/classified/villa/for-sale/rhode-saint-genese/1640/20813154
https://www.immoweb.be/en/classified/apartment/for-sale/dinant/5500/20815846
https://www.immoweb.be/en/classified/house/for-sale/jauche/1350/20798135
https://www.immoweb.be/en/classified/house/for-sale/ninove/9400/20796561
https://www.immoweb.be/en/classified/ground-floor/for-sale/laeken/1020/20812666
https://www.immoweb.be/en/classified/house/for-sale/seraing/4100/20793655
https://www.immoweb.be/en/classified/mansion/for-sale/watou/8970/20795999
https://www.immoweb.be/en/classified/house/for-sale/quevy-aulnois/7040/20811323
https://www.immoweb.be/en/classified/house/for-sale/sint-truiden/3800/20811320
https://www.immoweb.be/en/classified/house/for-sale/sint-niklaas-sint-niklaas/9100/20811319
https://www.immoweb.be/en/classified/flat-studio/for-sale/ougree-seraing/4102/20811318
https://www.immoweb.be/en/classified/house/for-sale/grivegnee-liege/4030/20811317
https://www.immoweb.be/en/classified/mixed-use-building/for-sale/jabbeke-jabbeke/8490/20811315
https://www.immoweb.be/en/classified/house/for-sale/braine-le-comte/7090/20811314
https://www.immoweb.be/en/classified/farmhouse/for-sale/wellen/3830/20811310
https://www.immoweb.be/en/classified/house/for-sale/beringen/3582/20811309
https://www.immoweb.be/en/classified/apartment/for-sale/forest/1190/20811308
https://www.immoweb.be/en/classified/mansion/for-sale/liege/4000/20811307
https://www.immoweb.be/en/classified/house/for-sale/antwerpen/2020/20811306
https://www.immoweb.be/en/classified/house/for-sale/charleroi/6042/20811303
https://www.immoweb.be/en/classified/house/for-sale/brugge/8000/20811297
https://www.immoweb.be/en/classified/house/for-sale/oostende/8400/20811296
https://www.immoweb.be/en/classified/house/for-sale/geraardsbergen/9500/20811291
https://www.immoweb.be/en/classified/apartment/for-sale/sint-niklaas/9100/20723997
https://www.immoweb.be/en/classified/house/for-sale/beloeil-ellignies-sainte-anne/7972/20811286
https://www.immoweb.be/en/classified/apartment/for-sale/geel/2440/20811285
https://www.immoweb.be/en/classified/apartment/for-sale/wommelgem/2160/20811284
https://www.immoweb.be/en/classified/apartment/for-sale/geel/2440/20811283
https://www.immoweb.be/en/classified/apartment/for-sale/geel/2440/20811281
https://www.immoweb.be/en/classified/apartment/for-sale/geel/2440/20811282
https://www.immoweb.be/en/classified/apartment/for-sale/geel/2440/20811276
https://www.immoweb.be/en/classified/house/for-sale/vorst/2430/20811279
https://www.immoweb.be/en/classified/new-real-estate-project-apartments/for-sale/geel/2440/20811277
https://www.immoweb.be/en/classified/apartment/for-sale/geel/2440/20811278
https://www.immoweb.be/en/classified/house/for-sale/liege/4000/20811270
https://www.immoweb.be/en/classified/house/for-sale/houthulst/8650/20811269
https://www.immoweb.be/en/classified/villa/for-sale/sprimont-dolembreux/4140/20811267
https://www.immoweb.be/en/classified/new-real-estate-project-apartments/for-sale/woluwe-saint-pierre/1150/20162339
https://www.immoweb.be/en/classified/new-real-estate-project-apartments/for-sale/oostende/8400/9856580
https://www.immoweb.be/en/classified/new-real-estate-project-houses/for-sale/bruxelles/1120/20585325
https://www.immoweb.be/en/classified/new-real-estate-project-houses/for-sale/uccle/1180/10731325
https://www.immoweb.be/en/classified/new-real-estate-project-houses/for-sale/uccle/1180/20458700
https://www.immoweb.be/en/classified/new-real-estate-project-apartments/for-sale/knokke-heist/8300/20665872
https://www.immoweb.be/en/classified/new-real-estate-project-houses/for-sale/uccle/1180/20458708
https://www.immoweb.be/en/classified/new-real-estate-project-apartments/for-sale/forest/1190/20214012
https://www.immoweb.be/en/classified/new-real-estate-project-apartments/for-sale/knokke-heist/8300/11132324
https://www.immoweb.be/en/classified/new-real-estate-project-apartments/for-sale/knokke/8300/20394637
https://www.immoweb.be/en/classified/new-real-estate-project-apartments/for-sale/sterrebeek/1933/11033004
https://www.immoweb.be/en/classified/new-real-estate-project-houses/for-sale/knokke-heist/8300/20467411
https://www.immoweb.be/en/classified/new-real-estate-project-houses/for-sale/knokke-heist/8300/10096361
https://www.immoweb.be/en/classified/new-real-estate-project-apartments/for-sale/woluwe-saint-pierre/1150/20392692
https://www.immoweb.be/en/classified/new-real-estate-project-houses/for-sale/wezembeek-oppem/1970/20508366
https://www.immoweb.be/en/classified/new-real-estate-project-apartments/for-sale/uccle/1180/20028800
https://www.immoweb.be/en/classified/new-real-estate-project-apartments/for-sale/ixelles/1050/10268472
https://www.immoweb.be/en/classified/new-real-estate-project-houses/for-sale/ixelles/1050/20466159
https://www.immoweb.be/en/classified/new-real-estate-project-houses/for-sale/elsene/1050/20026087
https://www.immoweb.be/en/classified/new-real-estate-project-apartments/for-sale/uccle/1180/11462667
https://www.immoweb.be/en/classified/new-real-estate-project-apartments/for-sale/heist-aan-zee/8301/20190204
https://www.immoweb.be/en/classified/new-real-estate-project-apartments/for-sale/heist-aan-zee/8301/20549351
https://www.immoweb.be/en/classified/new-real-estate-project-apartments/for-sale/uccle/1180/20650664
https://www.immoweb.be/en/classified/new-real-estate-project-houses/for-sale/uccle/1180/20650665
https://www.immoweb.be/en/classified/new-real-estate-project-apartments/for-sale/woluwe-saint-pierre/1150/20032134
https://www.immoweb.be/en/classified/new-real-estate-project-apartments/for-sale/la-hulpe/1310/20668463
https://www.immoweb.be/en/classified/new-real-estate-project-apartments/for-sale/la-hulpe/1310/11439435
https://www.immoweb.be/en/classified/new-real-estate-project-apartments/for-sale/knokke/8300/20667231
https://www.immoweb.be/en/classified/new-real-estate-project-apartments/for-sale/roeselare/8800/20580331
https://www.immoweb.be/en/classified/new-real-estate-project-apartments/for-sale/knokke/8300/10722009
https://www.immoweb.be/en/classified/apartment/for-sale/mechelen/2800/20805919
https://www.immoweb.be/en/classified/apartment/for-sale/gent/9000/20805915
https://www.immoweb.be/en/classified/house/for-sale/hoogstraten/2320/20805911
https://www.immoweb.be/en/classified/apartment/for-sale/antwerpen/2000/11366366
https://www.immoweb.be/en/classified/new-real-estate-project-apartments/for-sale/turnhout/2300/20805893
https://www.immoweb.be/en/classified/house/for-sale/sint-niklaas/9100/20805883
https://www.immoweb.be/en/classified/house/for-sale/temse/9140/20805882
https://www.immoweb.be/en/classified/apartment/for-sale/schaerbeek/1030/20767526
https://www.immoweb.be/en/classified/house/for-sale/vorselaar/2290/20805878
https://www.immoweb.be/en/classified/apartment/for-sale/kortrijk/8500/20805875
https://www.immoweb.be/en/classified/apartment/for-sale/middelkerke/8430/20805872
https://www.immoweb.be/en/classified/house/for-sale/profondeville/5170/20805870
https://www.immoweb.be/en/classified/apartment/for-sale/montegnee/4420/20805869
https://www.immoweb.be/en/classified/apartment/for-sale/blankenberge/8370/20805864
https://www.immoweb.be/en/classified/house/for-sale/hofstade/9308/20805861
https://www.immoweb.be/en/classified/apartment-block/for-sale/aalst/9300/20805860
https://www.immoweb.be/en/classified/apartment/for-sale/verviers/4800/20805859
https://www.immoweb.be/en/classified/house/for-sale/mol/2400/20805857
https://www.immoweb.be/en/classified/house/for-sale/kaggevinne/3293/20805854
https://www.immoweb.be/en/classified/house/for-sale/kaggevinne/3293/20805853
https://www.immoweb.be/en/classified/house/for-sale/somme-leuze/5377/20805850
https://www.immoweb.be/en/classified/house/for-sale/boutersem/3370/20805849
https://www.immoweb.be/en/classified/house/for-sale/aalst/9300/20805847
https://www.immoweb.be/en/classified/apartment/for-sale/sint-niklaas/9100/20805846
https://www.immoweb.be/en/classified/mixed-use-building/for-sale/florenville/6820/20805845
https://www.immoweb.be/en/classified/house/for-sale/de-klinge/9170/20805844
https://www.immoweb.be/en/classified/house/for-sale/athus/6791/20719470
https://www.immoweb.be/en/classified/house/for-sale/saint-nicolas-saint-nicolas/4420/20805842
https://www.immoweb.be/en/classified/house/for-sale/zelzate/9060/20805841
https://www.immoweb.be/en/classified/apartment/for-sale/tienen-tienen/3300/20805840
https://www.immoweb.be/en/classified/apartment/for-sale/jette/1090/20805171
https://www.immoweb.be/en/classified/flat-studio/for-sale/ixelles/1050/20807675
https://www.immoweb.be/en/classified/house/for-sale/brakel/9660/20809297
https://www.immoweb.be/en/classified/apartment/for-sale/schaerbeek/1030/20804892
https://www.immoweb.be/en/classified/apartment/for-sale/bruxelles/1120/20803496
https://www.immoweb.be/en/classified/house/for-sale/aalter/9880/20806672
https://www.immoweb.be/en/classified/apartment/for-sale/molenbeek/1080/20805168
https://www.immoweb.be/en/classified/house/for-sale/affligem/1790/20807992
https://www.immoweb.be/en/classified/house/for-sale/duffel/2570/20809536
https://www.immoweb.be/en/classified/house/for-sale/villers-le-bouillet-villers-le-bouillet/4530/20804930
https://www.immoweb.be/en/classified/house/for-sale/merelbeke-melle/9820/20810083
https://www.immoweb.be/en/classified/house/for-sale/assebroek/8310/20812142
https://www.immoweb.be/en/classified/house/for-sale/putte/2580/20807865
https://www.immoweb.be/en/classified/house/for-sale/vorst/2430/20811279
https://www.immoweb.be/en/classified/house/for-sale/westende/8434/20806607
https://www.immoweb.be/en/classified/apartment-block/for-sale/schaerbeek/1030/20806152
https://www.immoweb.be/en/classified/villa/for-sale/ruisbroek/1601/20810142
https://www.immoweb.be/en/classified/house/for-sale/izegem/8870/20785256
https://www.immoweb.be/en/classified/new-real-estate-project-apartments/for-sale/geraardsbergen/9500/20718934
https://www.immoweb.be/en/classified/new-real-estate-project-apartments/for-sale/uccle/1180/20697377
https://www.immoweb.be/en/classified/house/for-sale/faimes/4317/20786671
https://www.immoweb.be/en/classified/house/for-sale/sint-niklaas/9100/20790503
https://www.immoweb.be/en/classified/new-real-estate-project-apartments/for-sale/bruxelles/1020/20749595
https://www.immoweb.be/en/classified/new-real-estate-project-apartments/for-sale/bruxelles/1020/20749222
https://www.immoweb.be/en/classified/new-real-estate-project-apartments/for-sale/ixelles/1050/20751741
https://www.immoweb.be/en/classified/house/for-sale/ingelmunster/8770/20789027
https://www.immoweb.be/en/classified/new-real-estate-project-apartments/for-sale/uccle/1180/20736605
https://www.immoweb.be/en/classified/apartment-block/for-sale/bruxelles/1000/20791707
https://www.immoweb.be/en/classified/house/for-sale/gentbrugge/9050/20785978
https://www.immoweb.be/en/classified/villa/for-sale/de-pinte/9840/20787840
https://www.immoweb.be/en/classified/mansion/for-sale/hasselt/3500/20812397
https://www.immoweb.be/en/classified/house/for-sale/lier/2500/20812394
https://www.immoweb.be/en/classified/apartment/for-sale/denderleeuw/9470/20812390
https://www.immoweb.be/en/classified/house/for-sale/jezus-eik/3090/20812389
https://www.immoweb.be/en/classified/apartment/for-sale/gent/9000/20812388
https://www.immoweb.be/en/classified/apartment/for-sale/duinbergen/8301/20812378
https://www.immoweb.be/en/classified/apartment/for-sale/deurne/2100/20801122
https://www.immoweb.be/en/classified/villa/for-sale/balen/2490/20812376
https://www.immoweb.be/en/classified/apartment/for-sale/ukkel/1180/20812375
https://www.immoweb.be/en/classified/house/for-sale/oudenaarde/9700/20812371
https://www.immoweb.be/en/classified/house/for-sale/oudenaarde/9700/20812370
https://www.immoweb.be/en/classified/apartment/for-sale/eine/9700/20812369
https://www.immoweb.be/en/classified/house/for-sale/maarkedal/9680/20812368
https://www.immoweb.be/en/classified/apartment/for-sale/sint-truiden/3800/20337851
https://www.immoweb.be/en/classified/house/for-sale/merelbeke-melle/9820/20812325
https://www.immoweb.be/en/classified/apartment/for-sale/gent/9000/20812324
https://www.immoweb.be/en/classified/apartment/for-sale/de-panne/8660/20812321
https://www.immoweb.be/en/classified/house/for-sale/kessel-lo/3010/20812316
https://www.immoweb.be/en/classified/house/for-sale/kortemark/8610/20812315
https://www.immoweb.be/en/classified/apartment/for-sale/oostende/8400/11178945
https://www.immoweb.be/en/classified/apartment/for-sale/bilzen/3740/20812309
https://www.immoweb.be/en/classified/apartment/for-sale/bilzen/3740/20812308
https://www.immoweb.be/en/classified/apartment/for-sale/bilzen/3740/20812307
https://www.immoweb.be/en/classified/apartment/for-sale/bilzen/3740/20812306
https://www.immoweb.be/en/classified/house/for-sale/chaumont-gistoux/1325/20812299
https://www.immoweb.be/en/classified/villa/for-sale/chaumont-gistoux/1325/20812298
https://www.immoweb.be/en/classified/house/for-sale/mechelen/2800/20272810
https://www.immoweb.be/en/classified/house/for-sale/mechelen/2800/20272268
https://www.immoweb.be/en/classified/house/for-sale/mechelen/2800/20272231
https://www.immoweb.be/en/classified/house/for-sale/mechelen/2800/20272267
https://www.immoweb.be/en/classified/villa/for-sale/sint-niklaas/9100/20814741
https://www.immoweb.be/en/classified/house/for-sale/gent/9000/20814365
https://www.immoweb.be/en/classified/house/for-sale/ronse/9600/20798038
https://www.immoweb.be/en/classified/house/for-sale/grace-hollogne/4460/20728472
https://www.immoweb.be/en/classified/house/for-sale/geraardsbergen/9500/20792606
https://www.immoweb.be/en/classified/house/for-sale/kluisbergen/9690/20793574
https://www.immoweb.be/en/classified/house/for-sale/ninove/9400/20796998
https://www.immoweb.be/en/classified/house/for-sale/soumagne-evegnee/4631/20792652
https://www.immoweb.be/en/classified/house/for-sale/stekene/9190/20796776
https://www.immoweb.be/en/classified/house/for-sale/erezee/6997/20796308
https://www.immoweb.be/en/classified/villa/for-sale/kluisbergen/9690/20798040
https://www.immoweb.be/en/classified/mixed-use-building/for-sale/geraardsbergen/9500/20793587
https://www.immoweb.be/en/classified/house/for-sale/knokke-heist/8300/20792634
https://www.immoweb.be/en/classified/apartment-block/for-sale/wommelgem/2160/20758478
https://www.immoweb.be/en/classified/house/for-sale/geraardsbergen/9500/20792635
https://www.immoweb.be/en/classified/duplex/for-sale/nazareth-de-pinte/9810/20776059
https://www.immoweb.be/en/classified/apartment/for-sale/berchem/2600/20767330
https://www.immoweb.be/en/classified/apartment/for-sale/woluwe-saint-lambert/1200/20720028
https://www.immoweb.be/en/classified/apartment/for-sale/leuven/3000/20769726
https://www.immoweb.be/en/classified/house/for-sale/saint-leger/6747/20283726
https://www.immoweb.be/en/classified/house/for-sale/flemalle/4400/20650804
https://www.immoweb.be/en/classified/mixed-use-building/for-sale/rixensart/1330/11215514
https://www.immoweb.be/en/classified/mixed-use-building/for-sale/rosieres/1331/11215549
https://www.immoweb.be/en/classified/apartment/for-sale/sint-agatha-berchem/1082/20797710
https://www.immoweb.be/en/classified/apartment/for-sale/gent/9000/20797815
https://www.immoweb.be/en/classified/apartment/for-sale/beveren-kruibeke-zwijndrecht/2070/20797155
https://www.immoweb.be/en/classified/apartment/for-sale/oostende/8400/20797671
https://www.immoweb.be/en/classified/house/for-sale/sivry/6470/20766858
https://www.immoweb.be/en/classified/apartment-block/for-sale/seraing-seraing/4100/20802014
https://www.immoweb.be/en/classified/house/for-sale/veldegem/8210/20803408
https://www.immoweb.be/en/classified/house/for-sale/gentbrugge/9050/20809744
https://www.immoweb.be/en/classified/house/for-sale/adegem/9991/20809742
https://www.immoweb.be/en/classified/duplex/for-sale/tilff/4130/20525859
https://www.immoweb.be/en/classified/apartment/for-sale/gent/9000/20809740
https://www.immoweb.be/en/classified/house/for-sale/aalter/9880/20809739
https://www.immoweb.be/en/classified/house/for-sale/asse/1730/20809737
https://www.immoweb.be/en/classified/apartment/for-sale/anderlecht/1070/20809732
https://www.immoweb.be/en/classified/house/for-sale/ronse/9600/20809729
https://www.immoweb.be/en/classified/country-cottage/for-sale/meise/1861/20809728
https://www.immoweb.be/en/classified/house/for-sale/aywaille/4920/20809726
https://www.immoweb.be/en/classified/flat-studio/for-sale/blankenberge/8370/20809724
https://www.immoweb.be/en/classified/mixed-use-building/for-sale/anderlecht/1070/20809722
https://www.immoweb.be/en/classified/house/for-sale/aalter/9880/20809721
https://www.immoweb.be/en/classified/apartment/for-sale/anderlecht/1070/20809720
https://www.immoweb.be/en/classified/apartment/for-sale/antwerpen/2000/20809719
https://www.immoweb.be/en/classified/house/for-sale/ieper/8900/20809718
https://www.immoweb.be/en/classified/apartment/for-sale/blankenberge/8370/20809715
https://www.immoweb.be/en/classified/exceptional-property/for-sale/harelbeke/8530/20809730
https://www.immoweb.be/en/classified/villa/for-sale/putte/2580/20809709
https://www.immoweb.be/en/classified/apartment/for-sale/izegem/8870/20809708
https://www.immoweb.be/en/classified/house/for-sale/meulebeke/8760/20809707
https://www.immoweb.be/en/classified/house/for-sale/zillebeke/8902/20809706
https://www.immoweb.be/en/classified/apartment/for-sale/perwez/1360/20809705
https://www.immoweb.be/en/classified/ground-floor/for-sale/perwez/1360/20809704
https://www.immoweb.be/en/classified/apartment/for-sale/liege/4000/20809703
https://www.immoweb.be/en/classified/house/for-sale/adegem/9991/20809702
https://www.immoweb.be/en/classified/apartment/for-sale/gent/9000/20809700
https://www.immoweb.be/en/classified/apartment/for-sale/evere/1140/20744533
https://www.immoweb.be/en/classified/apartment/for-sale/woluwe-saint-pierre/1150/20809697
https://www.immoweb.be/en/classified/apartment/for-sale/auderghem/1160/20809696
https://www.immoweb.be/en/classified/house/for-sale/roeselare/8800/20789761
https://www.immoweb.be/en/classified/exceptional-property/for-sale/aarschot/3201/20791484
https://www.immoweb.be/en/classified/duplex/for-sale/oud-turnhout/2360/20759992
https://www.immoweb.be/en/classified/apartment/for-sale/lier/2500/20759834
https://www.immoweb.be/en/classified/house/for-sale/borgerhout/2140/20763065
https://www.immoweb.be/en/classified/apartment-block/for-sale/borgerhout/2140/20763064
https://www.immoweb.be/en/classified/house/for-sale/gent/9000/20762477
https://www.immoweb.be/en/classified/mixed-use-building/for-sale/gent/9000/20762475
https://www.immoweb.be/en/classified/house/for-sale/woluwe-saint-pierre/1150/20694634
https://www.immoweb.be/en/classified/apartment/for-sale/berchem/2600/20783033
https://www.immoweb.be/en/classified/apartment/for-sale/lier/2500/20783384
https://www.immoweb.be/en/classified/apartment/for-sale/berchem/2600/20784364
https://www.immoweb.be/en/classified/apartment/for-sale/oudenaarde/9700/20781089
https://www.immoweb.be/en/classified/apartment/for-sale/oostmalle/2390/20781842
https://www.immoweb.be/en/classified/exceptional-property/for-sale/asse/1730/20553219
https://www.immoweb.be/en/classified/house/for-sale/seraing/4101/20663974
https://www.immoweb.be/en/classified/house/for-sale/sint-lievens-houtem/9520/20726734
https://www.immoweb.be/en/classified/mixed-use-building/for-sale/seraing/4101/20777778
https://www.immoweb.be/en/classified/house/for-sale/borgerhout/2140/20800917
https://www.immoweb.be/en/classified/apartment/for-sale/bruxelles/1000/20800174
https://www.immoweb.be/en/classified/house/for-sale/leuven/3000/20803713
https://www.immoweb.be/en/classified/bungalow/for-sale/oupeye/4680/20803404
https://www.immoweb.be/en/classified/house/for-sale/manhay/6960/20802709
https://www.immoweb.be/en/classified/apartment/for-sale/ottignies/1340/20799806
https://www.immoweb.be/en/classified/house/for-sale/booischot/2221/20803729
https://www.immoweb.be/en/classified/house/for-sale/braine-lalleud-braine-lalleud/1420/20801201
https://www.immoweb.be/en/classified/house/for-sale/aalst/9320/20803236
https://www.immoweb.be/en/classified/house/for-sale/gistel/8470/20802263
https://www.immoweb.be/en/classified/villa/for-sale/waterloo/1410/20801100
https://www.immoweb.be/en/classified/apartment-block/for-sale/schaerbeek/1030/20802214
https://www.immoweb.be/en/classified/house/for-sale/mons-lez-liege/4400/20810312
https://www.immoweb.be/en/classified/house/for-sale/mol/2400/20810310
https://www.immoweb.be/en/classified/apartment/for-sale/middelkerke/8430/20810307
https://www.immoweb.be/en/classified/flat-studio/for-sale/middelkerke/8430/20387700
https://www.immoweb.be/en/classified/apartment/for-sale/middelkerke/8430/20810306
https://www.immoweb.be/en/classified/house/for-sale/manhay/6960/20810303
https://www.immoweb.be/en/classified/apartment/for-sale/tienen/3300/20810302
https://www.immoweb.be/en/classified/house/for-sale/merksem/2170/20810299
https://www.immoweb.be/en/classified/mixed-use-building/for-sale/merksem/2170/20810300
https://www.immoweb.be/en/classified/house/for-sale/mettet/5640/20810297
https://www.immoweb.be/en/classified/house/for-sale/zwevezele/8750/20810295
https://www.immoweb.be/en/classified/apartment/for-sale/hasselt/3500/20810294
https://www.immoweb.be/en/classified/house/for-sale/bilzen/3740/20810293
https://www.immoweb.be/en/classified/house/for-sale/vollezele/1570/20810292
https://www.immoweb.be/en/classified/house/for-sale/seilles/5300/20810290
https://www.immoweb.be/en/classified/house/for-sale/uccle/1180/20810289
https://www.immoweb.be/en/classified/house/for-sale/rixensart/1330/20810288
https://www.immoweb.be/en/classified/exceptional-property/for-sale/ravels-weelde/2381/20810287
https://www.immoweb.be/en/classified/apartment/for-sale/limal/1300/20792207
https://www.immoweb.be/en/classified/duplex/for-sale/uccle/1180/20730220
https://www.immoweb.be/en/classified/house/for-sale/ressaix/7134/20810283
https://www.immoweb.be/en/classified/house/for-sale/tournai/7500/20762655
https://www.immoweb.be/en/classified/apartment/for-sale/gent/9000/20810279
https://www.immoweb.be/en/classified/house/for-sale/turnhout/2300/20810276
https://www.immoweb.be/en/classified/house/for-sale/wemmel/1780/20810274
https://www.immoweb.be/en/classified/apartment/for-sale/waremme/4300/20810275
https://www.immoweb.be/en/classified/house/for-sale/bruxelles/1000/20810260
https://www.immoweb.be/en/classified/apartment/for-sale/brasschaat/2930/20810259
https://www.immoweb.be/en/classified/house/for-sale/knokke/8300/20664688
https://www.immoweb.be/en/classified/house/for-sale/andrimont/4821/20810247
https://www.immoweb.be/en/classified/new-real-estate-project-houses/for-sale/veurne/8630/10896153
https://www.immoweb.be/en/classified/new-real-estate-project-apartments/for-sale/gent/9000/20506028
https://www.immoweb.be/en/classified/new-real-estate-project-houses/for-sale/oudenaarde/9700/20712405
https://www.immoweb.be/en/classified/new-real-estate-project-houses/for-sale/steenhuffel/1840/20689851
https://www.immoweb.be/en/classified/new-real-estate-project-houses/for-sale/meulebeke/8760/20386582
https://www.immoweb.be/en/classified/new-real-estate-project-houses/for-sale/haacht/3150/10471985
https://www.immoweb.be/en/classified/new-real-estate-project-apartments/for-sale/bilzen/3740/10955028
https://www.immoweb.be/en/classified/new-real-estate-project-houses/for-sale/frasnes-lez-anvaing-moustier/7911/20696833
https://www.immoweb.be/en/classified/new-real-estate-project-houses/for-sale/mont-de-lenclus/7750/20314482
https://www.immoweb.be/en/classified/new-real-estate-project-houses/for-sale/dudzele/8380/20367458
https://www.immoweb.be/en/classified/new-real-estate-project-houses/for-sale/sint-amandsberg/9040/20388769
https://www.immoweb.be/en/classified/new-real-estate-project-houses/for-sale/wetteren/9230/20718954
https://www.immoweb.be/en/classified/new-real-estate-project-apartments/for-sale/blankenberge/8370/20679029
https://www.immoweb.be/en/classified/new-real-estate-project-apartments/for-sale/blankenberge/8370/20679023
https://www.immoweb.be/en/classified/new-real-estate-project-apartments/for-sale/blankenberge/8370/20131295
https://www.immoweb.be/en/classified/new-real-estate-project-houses/for-sale/leffinge/8432/20325748
https://www.immoweb.be/en/classified/new-real-estate-project-houses/for-sale/kortrijk/8500/20628663
https://www.immoweb.be/en/classified/new-real-estate-project-apartments/for-sale/laakdal/2430/20739973
https://www.immoweb.be/en/classified/new-real-estate-project-houses/for-sale/geel/2440/20726954
https://www.immoweb.be/en/classified/new-real-estate-project-houses/for-sale/gent-mariakerke/9030/11428265
https://www.immoweb.be/en/classified/new-real-estate-project-apartments/for-sale/antwerpen/2018/10083851
https://www.immoweb.be/en/classified/new-real-estate-project-houses/for-sale/oostduinkerke/8670/20445134
https://www.immoweb.be/en/classified/new-real-estate-project-houses/for-sale/belsele/9111/20581516
https://www.immoweb.be/en/classified/new-real-estate-project-houses/for-sale/heule/8501/20529101
https://www.immoweb.be/en/classified/new-real-estate-project-houses/for-sale/essen/2910/20392220
https://www.immoweb.be/en/classified/new-real-estate-project-apartments/for-sale/oostende/8400/10190368
https://www.immoweb.be/en/classified/new-real-estate-project-houses/for-sale/oudenaarde/9700/20729028
https://www.immoweb.be/en/classified/new-real-estate-project-houses/for-sale/evergem/9940/20388489
https://www.immoweb.be/en/classified/new-real-estate-project-houses/for-sale/heist-op-den-berg/2220/20743010
https://www.immoweb.be/en/classified/new-real-estate-project-houses/for-sale/heist-op-den-berg/2220/10587830
https://www.immoweb.be/en/classified/house/for-sale/lessines/7860/20585421
https://www.immoweb.be/en/classified/house/for-sale/ormeignies/7802/20591563
https://www.immoweb.be/en/classified/apartment-block/for-sale/lessines/7864/20778834
https://www.immoweb.be/en/classified/apartment/for-sale/jette/1090/20734182
https://www.immoweb.be/en/classified/apartment/for-sale/wavre/1300/20806286
https://www.immoweb.be/en/classified/house/for-sale/lessines/7860/20653579
https://www.immoweb.be/en/classified/apartment/for-sale/lessines/7860/10865284
https://www.immoweb.be/en/classified/house/for-sale/huy/4500/20806284
https://www.immoweb.be/en/classified/house/for-sale/beloeil/7970/20609027
https://www.immoweb.be/en/classified/house/for-sale/deux-acren/7864/20736727
https://www.immoweb.be/en/classified/villa/for-sale/bois-de-lessines/7866/20295285
https://www.immoweb.be/en/classified/apartment/for-sale/hasselt/3500/20806283
https://www.immoweb.be/en/classified/town-house/for-sale/ath/7800/20452631
https://www.immoweb.be/en/classified/house/for-sale/lessines/7860/20787394
https://www.immoweb.be/en/classified/house/for-sale/dilsen-stokkem/3650/20806282
https://www.immoweb.be/en/classified/apartment/for-sale/ath/7800/20796171
https://www.immoweb.be/en/classified/house/for-sale/berlare/9290/20806281
https://www.immoweb.be/en/classified/house/for-sale/lessines/7864/20778820
https://www.immoweb.be/en/classified/house/for-sale/lessines/7860/20785710
https://www.immoweb.be/en/classified/house/for-sale/poperinge/8972/20806280
https://www.immoweb.be/en/classified/house/for-sale/waremme/4300/20806278
https://www.immoweb.be/en/classified/exceptional-property/for-sale/tournai/7500/20806276
https://www.immoweb.be/en/classified/house/for-sale/kortrijk-dutsel/3220/20806275
https://www.immoweb.be/en/classified/house/for-sale/haacht/3150/20806270
https://www.immoweb.be/en/classified/house/for-sale/waremme/4300/20806267
https://www.immoweb.be/en/classified/apartment/for-sale/leuven/3000/20806262
https://www.immoweb.be/en/classified/house/for-sale/bekkevoort/3460/20806261
https://www.immoweb.be/en/classified/penthouse/for-sale/bruxelles/1000/20806259
https://www.immoweb.be/en/classified/house/for-sale/mazy/5032/20806258
https://www.immoweb.be/en/classified/apartment/for-sale/antwerpen/2018/20806257
https://www.immoweb.be/en/classified/flat-studio/for-sale/gent/9000/20807091
https://www.immoweb.be/en/classified/apartment/for-sale/onkerzele/9500/20810099
https://www.immoweb.be/en/classified/apartment/for-sale/brussel/1000/20807796
https://www.immoweb.be/en/classified/apartment/for-sale/gent/9000/20804854
https://www.immoweb.be/en/classified/house/for-sale/vivegnis/4683/20749372
https://www.immoweb.be/en/classified/apartment/for-sale/brussel/1000/20798151
https://www.immoweb.be/en/classified/apartment/for-sale/schaerbeek/1030/20797346
https://www.immoweb.be/en/classified/house/for-sale/boom/2850/20800794
https://www.immoweb.be/en/classified/ground-floor/for-sale/antwerpen/2000/20765332
https://www.immoweb.be/en/classified/house/for-sale/sint-katelijne-waver/2860/20800783
https://www.immoweb.be/en/classified/apartment/for-sale/liege/4020/20736108
https://www.immoweb.be/en/classified/house/for-sale/seraing/4102/20766091
https://www.immoweb.be/en/classified/apartment/for-sale/anderlecht/1070/20716872
https://www.immoweb.be/en/classified/house/for-sale/orp-le-grand/1350/20746640
https://www.immoweb.be/en/classified/flat-studio/for-sale/molenbeek-saint-jean/1080/20764543
https://www.immoweb.be/en/classified/flat-studio/for-sale/laeken/1020/20760041
https://www.immoweb.be/en/classified/flat-studio/for-sale/de-panne/8660/20465443
https://www.immoweb.be/en/classified/house/for-sale/saint-nicolas-montegnee/4420/20664277
https://www.immoweb.be/en/classified/apartment/for-sale/molenbeek-saint-jean/1080/20537964
https://www.immoweb.be/en/classified/house/for-sale/krombeke/8972/20778846
https://www.immoweb.be/en/classified/house/for-sale/seraing/4100/20702099
https://www.immoweb.be/en/classified/house/for-sale/liege/4020/20649260
https://www.immoweb.be/en/classified/house/for-sale/wetteren/9230/20740242
https://www.immoweb.be/en/classified/house/for-sale/niel/2845/20766257
https://www.immoweb.be/en/classified/ground-floor/for-sale/uccle/1180/20779879
https://www.immoweb.be/en/classified/apartment/for-sale/uccle/1180/20730178
https://www.immoweb.be/en/classified/apartment/for-sale/houthulst/8650/20429183
https://www.immoweb.be/en/classified/apartment/for-sale/anderlecht/1070/20778745
https://www.immoweb.be/en/classified/apartment/for-sale/saint-josse-ten-noode/1210/20648612
https://www.immoweb.be/en/classified/apartment-block/for-sale/liege/4000/20669261
https://www.immoweb.be/en/classified/apartment/for-sale/middelkerke/8434/20805711
https://www.immoweb.be/en/classified/house/for-sale/amay-amay/4540/20805698
https://www.immoweb.be/en/classified/apartment/for-sale/koekelare/8680/20805696
https://www.immoweb.be/en/classified/apartment/for-sale/charleroi-mont-sur-marchienne/6032/20805694
https://www.immoweb.be/en/classified/house/for-sale/wavre/1301/20805690
https://www.immoweb.be/en/classified/house/for-sale/eghezee/5310/20805689
https://www.immoweb.be/en/classified/house/for-sale/leers-nord/7730/20805688
https://www.immoweb.be/en/classified/apartment/for-sale/berchem-2600/2600/20805687
https://www.immoweb.be/en/classified/house/for-sale/wezembeek-oppem/1970/20805685
https://www.immoweb.be/en/classified/country-cottage/for-sale/zoutleeuw/3440/20805684
https://www.immoweb.be/en/classified/house/for-sale/jehonville/6880/20790893
https://www.immoweb.be/en/classified/house/for-sale/kortenberg/3070/20805679
https://www.immoweb.be/en/classified/apartment/for-sale/koekelare/8680/20805677
https://www.immoweb.be/en/classified/house/for-sale/antwerpen/2020/20805676
https://www.immoweb.be/en/classified/apartment-block/for-sale/charleroi/6000/20805675
https://www.immoweb.be/en/classified/mixed-use-building/for-sale/affligem-essene/1790/20712227
https://www.immoweb.be/en/classified/house/for-sale/sint-niklaas/9100/20805668
https://www.immoweb.be/en/classified/apartment/for-sale/auderghem/1160/20805669
https://www.immoweb.be/en/classified/house/for-sale/roeselare/8800/20805666
https://www.immoweb.be/en/classified/apartment/for-sale/sint-niklaas/9100/20805664
https://www.immoweb.be/en/classified/ground-floor/for-sale/ertvelde/9940/20805663
https://www.immoweb.be/en/classified/house/for-sale/ledeberg/9050/20805662
https://www.immoweb.be/en/classified/house/for-sale/lebbeke/9280/20805661
https://www.immoweb.be/en/classified/house/for-sale/zulte/9870/20805660
https://www.immoweb.be/en/classified/house/for-sale/zulte/9870/20805659
https://www.immoweb.be/en/classified/apartment/for-sale/gent/9000/20805658
https://www.immoweb.be/en/classified/house/for-sale/zulte/9870/20805655
https://www.immoweb.be/en/classified/mixed-use-building/for-sale/erquelinnes/6560/20805653
https://www.immoweb.be/en/classified/house/for-sale/huy/4500/20805652
https://www.immoweb.be/en/classified/house/for-sale/huy/4500/20805651
https://www.immoweb.be/en/classified/apartment/for-sale/berlare/9290/20768365
https://www.immoweb.be/en/classified/apartment/for-sale/aalst/9300/20768374
https://www.immoweb.be/en/classified/house/for-sale/knokke-heist/8300/20815835
https://www.immoweb.be/en/classified/apartment/for-sale/blankenberge/8370/20782677
https://www.immoweb.be/en/classified/apartment/for-sale/namur/5100/20782974
https://www.immoweb.be/en/classified/apartment/for-sale/uccle/1180/20782600
https://www.immoweb.be/en/classified/ground-floor/for-sale/edegem/2650/20785137
https://www.immoweb.be/en/classified/ground-floor/for-sale/uccle/1180/20784099
https://www.immoweb.be/en/classified/house/for-sale/tavigny/6662/20817688
https://www.immoweb.be/en/classified/house/for-sale/assebroek/8310/20818137
https://www.immoweb.be/en/classified/house/for-sale/jodoigne/1370/20818302
https://www.immoweb.be/en/classified/house/for-sale/hoboken/2660/20750972
https://www.immoweb.be/en/classified/house/for-sale/sint-kruis/8310/20816861
https://www.immoweb.be/en/classified/house/for-sale/grace-hollogne/4460/20817064
https://www.immoweb.be/en/classified/town-house/for-sale/duffel/2570/20733818
https://www.immoweb.be/en/classified/house/for-sale/scherpenheuvel-zichem/3270/20795729
https://www.immoweb.be/en/classified/ground-floor/for-sale/laakdal/2430/20804896
https://www.immoweb.be/en/classified/ground-floor/for-sale/laakdal/2430/20804894
https://www.immoweb.be/en/classified/apartment/for-sale/saint-gilles/1060/20803454
https://www.immoweb.be/en/classified/apartment-block/for-sale/ixelles/1050/20799346
https://www.immoweb.be/en/classified/house/for-sale/etalle-fratin/6740/20799552
https://www.immoweb.be/en/classified/flat-studio/for-sale/gent/9000/20804046
https://www.immoweb.be/en/classified/flat-studio/for-sale/antwerpen/2000/20801346
https://www.immoweb.be/en/classified/ground-floor/for-sale/edegem/2650/20803033
https://www.immoweb.be/en/classified/apartment/for-sale/wavre/1300/20516413
https://www.immoweb.be/en/classified/duplex/for-sale/wavre/1300/20327215
https://www.immoweb.be/en/classified/apartment/for-sale/turnhout/2300/20643075
https://www.immoweb.be/en/classified/apartment/for-sale/verviers/4800/20557714
https://www.immoweb.be/en/classified/apartment/for-sale/borgerhout/2140/20733169
https://www.immoweb.be/en/classified/apartment/for-sale/uccle/1180/20701593
https://www.immoweb.be/en/classified/mixed-use-building/for-sale/saint-gilles/1060/20809626
https://www.immoweb.be/en/classified/villa/for-sale/overijse/3090/20809625
https://www.immoweb.be/en/classified/town-house/for-sale/sint-jans-molenbeek/1080/20809623
https://www.immoweb.be/en/classified/apartment/for-sale/boncelles-seraing/4100/20809622
https://www.immoweb.be/en/classified/flat-studio/for-sale/ougree-seraing/4102/20809621
https://www.immoweb.be/en/classified/apartment-block/for-sale/ougree-seraing/4102/20809620
https://www.immoweb.be/en/classified/villa/for-sale/tremelo/3120/20809618
https://www.immoweb.be/en/classified/house/for-sale/begijnendijk/3130/20809614
https://www.immoweb.be/en/classified/house/for-sale/baal/3128/20809616
https://www.immoweb.be/en/classified/house/for-sale/rillaar/3202/20809615
https://www.immoweb.be/en/classified/apartment/for-sale/edegem/2650/20809608
https://www.immoweb.be/en/classified/house/for-sale/oostkamp/8020/20809606
https://www.immoweb.be/en/classified/apartment/for-sale/geraardsbergen/9500/20809605
https://www.immoweb.be/en/classified/house/for-sale/gent/9000/20809604
https://www.immoweb.be/en/classified/ground-floor/for-sale/ieper/8900/20809603
https://www.immoweb.be/en/classified/house/for-sale/marchin/4570/20809601
https://www.immoweb.be/en/classified/villa/for-sale/sint-michiels/8200/20809595
https://www.immoweb.be/en/classified/house/for-sale/nalinnes/6120/20809590
https://www.immoweb.be/en/classified/ground-floor/for-sale/woluwe-saint-lambert/1200/20809589
https://www.immoweb.be/en/classified/apartment/for-sale/waremme/4300/20809588
https://www.immoweb.be/en/classified/apartment/for-sale/waremme/4300/20809587
https://www.immoweb.be/en/classified/house/for-sale/denderleeuw/9473/20809585
https://www.immoweb.be/en/classified/house/for-sale/saint-servais/5002/20809584
https://www.immoweb.be/en/classified/apartment-block/for-sale/saint-servais/5002/20809582
https://www.immoweb.be/en/classified/house/for-sale/wepion/5100/20809583
https://www.immoweb.be/en/classified/house/for-sale/wilrijk/2610/20542383
https://www.immoweb.be/en/classified/apartment/for-sale/wilrijk/2610/20738410
https://www.immoweb.be/en/classified/apartment-block/for-sale/wilrijk/2610/20542376
https://www.immoweb.be/en/classified/duplex/for-sale/bruxelles/1000/20809577
https://www.immoweb.be/en/classified/house/for-sale/seraing-seraing/4100/20809574
https://www.immoweb.be/en/classified/town-house/for-sale/kontich/2550/20812678
https://www.immoweb.be/en/classified/new-real-estate-project-apartments/for-sale/evergem/9940/20800331
https://www.immoweb.be/en/classified/new-real-estate-project-apartments/for-sale/sleidinge/9940/20800256
https://www.immoweb.be/en/classified/new-real-estate-project-houses/for-sale/meerhout/2450/20800531
https://www.immoweb.be/en/classified/new-real-estate-project-houses/for-sale/deinze/9800/20800227
https://www.immoweb.be/en/classified/new-real-estate-project-houses/for-sale/nazareth/9810/20800383
https://www.immoweb.be/en/classified/new-real-estate-project-houses/for-sale/zottegem/9620/20799591
https://www.immoweb.be/en/classified/house/for-sale/tremelo/3120/20803274
https://www.immoweb.be/en/classified/apartment/for-sale/knokke-heist/8300/20815983
https://www.immoweb.be/en/classified/apartment/for-sale/knokke-zoute/8300/20815834
https://www.immoweb.be/en/classified/apartment/for-sale/merksem/2170/20807077
https://www.immoweb.be/en/classified/ground-floor/for-sale/meerhout/2450/20807525
https://www.immoweb.be/en/classified/apartment/for-sale/berchem/2600/20806592
https://www.immoweb.be/en/classified/apartment/for-sale/lier/2500/20807903
https://www.immoweb.be/en/classified/apartment/for-sale/ieper/8900/20803443
https://www.immoweb.be/en/classified/penthouse/for-sale/aalst/9300/20807836
https://www.immoweb.be/en/classified/apartment/for-sale/westerlo/2260/20807345
https://www.immoweb.be/en/classified/duplex/for-sale/sint-pieters-leeuw/1600/20803562
https://www.immoweb.be/en/classified/apartment/for-sale/brasschaat/2930/20807508
https://www.immoweb.be/en/classified/apartment/for-sale/brasschaat/2930/20806975
https://www.immoweb.be/en/classified/apartment/for-sale/geel/2440/20807528
https://www.immoweb.be/en/classified/house/for-sale/forest/1190/20805037
https://www.immoweb.be/en/classified/town-house/for-sale/edegem/2650/20808064
https://www.immoweb.be/en/classified/villa/for-sale/lint/2547/20811782
https://www.immoweb.be/en/classified/house/for-sale/erpe-mere/9420/20812399
https://www.immoweb.be/en/classified/house/for-sale/woluwe-saint-lambert/1200/20809260
https://www.immoweb.be/en/classified/apartment/for-sale/forest/1190/20815250
https://www.immoweb.be/en/classified/apartment/for-sale/izegem/8870/20812881
https://www.immoweb.be/en/classified/duplex/for-sale/bruxelles/1000/20813172
https://www.immoweb.be/en/classified/apartment/for-sale/knokke-zoute/8300/20813429
https://www.immoweb.be/en/classified/apartment/for-sale/uccle/1180/20818134
https://www.immoweb.be/en/classified/duplex/for-sale/uccle/1180/20818135
https://www.immoweb.be/en/classified/duplex/for-sale/uccle/1180/20818133
https://www.immoweb.be/en/classified/house/for-sale/grace-hollogne/4460/20818132
https://www.immoweb.be/en/classified/apartment/for-sale/sint-truiden/3800/20818130
https://www.immoweb.be/en/classified/mixed-use-building/for-sale/kortessem/3720/20818128
https://www.immoweb.be/en/classified/apartment/for-sale/knokke/8300/20818127
https://www.immoweb.be/en/classified/house/for-sale/oostende/8400/20818126
https://www.immoweb.be/en/classified/apartment/for-sale/ranst/2520/20818124
https://www.immoweb.be/en/classified/apartment/for-sale/gent/9000/20818122
https://www.immoweb.be/en/classified/apartment-block/for-sale/antwerpen/2000/20818121
https://www.immoweb.be/en/classified/apartment/for-sale/halen/3545/20818119
https://www.immoweb.be/en/classified/house/for-sale/arendonk/2370/20818118
https://www.immoweb.be/en/classified/house/for-sale/herent/3020/20818117
https://www.immoweb.be/en/classified/villa/for-sale/opwijk-mazenzele/1745/20818111
https://www.immoweb.be/en/classified/apartment/for-sale/opwijk/1745/20818110
https://www.immoweb.be/en/classified/apartment/for-sale/sint-truiden/3800/20818114
https://www.immoweb.be/en/classified/duplex/for-sale/heusden-9070/9070/20818107
https://www.immoweb.be/en/classified/ground-floor/for-sale/antwerpen-deurne/2100/20818106
https://www.immoweb.be/en/classified/house/for-sale/izegem/8870/20818102
https://www.immoweb.be/en/classified/house/for-sale/dendermonde/9200/20582530
https://www.immoweb.be/en/classified/house/for-sale/borgerhout/2140/20818099
https://www.immoweb.be/en/classified/house/for-sale/houthalen-helchteren/3530/20818098
https://www.immoweb.be/en/classified/house/for-sale/de-haan/8420/20818095
https://www.immoweb.be/en/classified/house/for-sale/brugge/8000/20818092
https://www.immoweb.be/en/classified/house/for-sale/aalter/9880/20818089
https://www.immoweb.be/en/classified/house/for-sale/sint-niklaas/9100/20818088
https://www.immoweb.be/en/classified/house/for-sale/wingene/8750/20818085
https://www.immoweb.be/en/classified/apartment/for-sale/borgerhout/2140/20818084
https://www.immoweb.be/en/classified/house/for-sale/beyne-heusay/4610/20818083
https://www.immoweb.be/en/classified/apartment/for-sale/woluwe-saint-lambert/1200/20514315
https://www.immoweb.be/en/classified/apartment/for-sale/liege/4000/20625777
https://www.immoweb.be/en/classified/apartment/for-sale/antwerpen/2020/20693931
https://www.immoweb.be/en/classified/apartment/for-sale/deurne/2100/20713720
https://www.immoweb.be/en/classified/apartment/for-sale/deurne/2100/20710730
https://www.immoweb.be/en/classified/apartment/for-sale/libramont/6800/20736662
https://www.immoweb.be/en/classified/apartment/for-sale/wilrijk/2610/20654307
https://www.immoweb.be/en/classified/apartment/for-sale/deurne/2100/20652740
https://www.immoweb.be/en/classified/apartment/for-sale/koekelberg/1081/20695467
https://www.immoweb.be/en/classified/apartment/for-sale/deurne/2100/20644043
https://www.immoweb.be/en/classified/apartment/for-sale/turnhout/2300/20717726
https://www.immoweb.be/en/classified/apartment/for-sale/grimbergen/1853/20725459
https://www.immoweb.be/en/classified/ground-floor/for-sale/wilrijk/2610/20705603
https://www.immoweb.be/en/classified/apartment/for-sale/liege/4000/11368520
https://www.immoweb.be/en/classified/apartment/for-sale/uccle/1180/20587582
https://www.immoweb.be/en/classified/ground-floor/for-sale/etalle/6740/20654583
https://www.immoweb.be/en/classified/apartment/for-sale/antwerpen/2060/20661612
https://www.immoweb.be/en/classified/apartment/for-sale/berchem/2600/20743333
https://www.immoweb.be/en/classified/loft/for-sale/antwerpen/2000/20743483
https://www.immoweb.be/en/classified/apartment/for-sale/liege/4000/20281076
https://www.immoweb.be/en/classified/apartment/for-sale/antwerpen/2000/20661935
https://www.immoweb.be/en/classified/apartment/for-sale/vilvoorde/1800/20488896
https://www.immoweb.be/en/classified/apartment/for-sale/antwerpen/2018/20739185
https://www.immoweb.be/en/classified/apartment/for-sale/uccle/1180/20194765
https://www.immoweb.be/en/classified/apartment/for-sale/uccle/1180/20484538
https://www.immoweb.be/en/classified/loft/for-sale/brussel/1000/20737802
https://www.immoweb.be/en/classified/penthouse/for-sale/berchem/2600/20689670
https://www.immoweb.be/en/classified/penthouse/for-sale/berchem/2600/20689669
https://www.immoweb.be/en/classified/apartment/for-sale/uccle/1180/20592766
https://www.immoweb.be/en/classified/penthouse/for-sale/woluwe-saint-lambert/1200/20475068
https://www.immoweb.be/en/classified/house/for-sale/seraing-seraing/4100/20809573
https://www.immoweb.be/en/classified/apartment/for-sale/seraing/4100/20809572
https://www.immoweb.be/en/classified/house/for-sale/suarlee/5020/20809568
https://www.immoweb.be/en/classified/apartment/for-sale/etterbeek/1040/20809566
https://www.immoweb.be/en/classified/mixed-use-building/for-sale/desselgem/8792/20809563
https://www.immoweb.be/en/classified/apartment/for-sale/perwez/1360/20809562
https://www.immoweb.be/en/classified/house/for-sale/sijsele/8340/20809557
https://www.immoweb.be/en/classified/house/for-sale/maldegem/9990/20809556
https://www.immoweb.be/en/classified/house/for-sale/binche/7130/20682041
https://www.immoweb.be/en/classified/house/for-sale/wortegem/9790/20809554
https://www.immoweb.be/en/classified/house/for-sale/waregem/8790/20809553
https://www.immoweb.be/en/classified/flat-studio/for-sale/gent/9000/20809552
https://www.immoweb.be/en/classified/apartment/for-sale/ieper/8900/20809555
https://www.immoweb.be/en/classified/house/for-sale/colfontaine/7340/20809547
https://www.immoweb.be/en/classified/house/for-sale/petit-rechain/4800/20809545
https://www.immoweb.be/en/classified/apartment/for-sale/ixelles/1050/20778167
https://www.immoweb.be/en/classified/new-real-estate-project-houses/for-sale/perwez/1360/20809537
https://www.immoweb.be/en/classified/house/for-sale/duffel/2570/20809536
https://www.immoweb.be/en/classified/town-house/for-sale/bredene/8450/20809535
https://www.immoweb.be/en/classified/apartment-block/for-sale/ollignies/7866/20809533
https://www.immoweb.be/en/classified/town-house/for-sale/flemalle-grande-flemalle/4400/20809528
https://www.immoweb.be/en/classified/house/for-sale/ivoz-ramet-flemalle/4400/20809527
https://www.immoweb.be/en/classified/house/for-sale/anthisnes-anthisnes/4160/20809526
https://www.immoweb.be/en/classified/house/for-sale/edegem/2650/20809521
https://www.immoweb.be/en/classified/apartment-block/for-sale/frameries/7080/20809516
https://www.immoweb.be/en/classified/house/for-sale/bonlez/1325/20809514
https://www.immoweb.be/en/classified/villa/for-sale/soignies/7060/20809513
https://www.immoweb.be/en/classified/villa/for-sale/soignies/7060/20809512
https://www.immoweb.be/en/classified/new-real-estate-project-apartments/for-sale/perwez/1360/20809496
https://www.immoweb.be/en/classified/house/for-sale/han-sur-lesse/5580/20809495
https://www.immoweb.be/en/classified/new-real-estate-project-houses/for-sale/nederhasselt/9400/20675222
https://www.immoweb.be/en/classified/new-real-estate-project-apartments/for-sale/brussel/1000/20346676
https://www.immoweb.be/en/classified/new-real-estate-project-houses/for-sale/heusden-zolder/3550/20427170
https://www.immoweb.be/en/classified/new-real-estate-project-houses/for-sale/wondelgem/9032/20404664
https://www.immoweb.be/en/classified/new-real-estate-project-houses/for-sale/erembodegem/9320/10913771
https://www.immoweb.be/en/classified/new-real-estate-project-houses/for-sale/dendermonde/9200/20742356
https://www.immoweb.be/en/classified/new-real-estate-project-houses/for-sale/nivelles/1400/10731414
https://www.immoweb.be/en/classified/new-real-estate-project-houses/for-sale/aalst-9300/9300/10879944
https://www.immoweb.be/en/classified/new-real-estate-project-houses/for-sale/heule/8501/20467588
https://www.immoweb.be/en/classified/new-real-estate-project-houses/for-sale/machelen-9870/9870/20386836
https://www.immoweb.be/en/classified/new-real-estate-project-houses/for-sale/opwijk/1745/10849936
https://www.immoweb.be/en/classified/new-real-estate-project-houses/for-sale/olen/2250/10077825
https://www.immoweb.be/en/classified/new-real-estate-project-houses/for-sale/bilzen/3740/11196061
https://www.immoweb.be/en/classified/new-real-estate-project-apartments/for-sale/wenduine/8420/20630183
https://www.immoweb.be/en/classified/new-real-estate-project-houses/for-sale/lokeren/9160/20375636
https://www.immoweb.be/en/classified/new-real-estate-project-houses/for-sale/sinaai/9112/20086695
https://www.immoweb.be/en/classified/new-real-estate-project-houses/for-sale/antwerpen/2050/20511313
https://www.immoweb.be/en/classified/new-real-estate-project-apartments/for-sale/woluwe-saint-lambert/1200/20446072
https://www.immoweb.be/en/classified/new-real-estate-project-houses/for-sale/cerfontaine/5630/20706002
https://www.immoweb.be/en/classified/new-real-estate-project-houses/for-sale/de-haan/8420/20305885
https://www.immoweb.be/en/classified/new-real-estate-project-apartments/for-sale/gent/9000/11430220
https://www.immoweb.be/en/classified/new-real-estate-project-apartments/for-sale/melle/9090/20229857
https://www.immoweb.be/en/classified/new-real-estate-project-houses/for-sale/nivelles/1400/20696928
https://www.immoweb.be/en/classified/new-real-estate-project-apartments/for-sale/braine-lalleud/1420/20545623
https://www.immoweb.be/en/classified/new-real-estate-project-houses/for-sale/nijlen/2560/20541753
https://www.immoweb.be/en/classified/new-real-estate-project-houses/for-sale/nijlen/2560/20197169
https://www.immoweb.be/en/classified/new-real-estate-project-houses/for-sale/wondelgem/9032/20261711
https://www.immoweb.be/en/classified/new-real-estate-project-houses/for-sale/wondelgem-gent/9032/20138273
https://www.immoweb.be/en/classified/new-real-estate-project-houses/for-sale/kuurne/8520/20353438
https://www.immoweb.be/en/classified/new-real-estate-project-apartments/for-sale/antwerpen-zuid/2018/11151668
https://www.immoweb.be/en/classified/apartment/for-sale/wavre/1300/20806340
https://www.immoweb.be/en/classified/house/for-sale/plombieres/4851/20276251
https://www.immoweb.be/en/classified/house/for-sale/mons/7021/20806335
https://www.immoweb.be/en/classified/house/for-sale/heist-op-den-berg/2220/20806333
https://www.immoweb.be/en/classified/house/for-sale/diksmuide/8600/20806332
https://www.immoweb.be/en/classified/house/for-sale/herstal/4040/20806331
https://www.immoweb.be/en/classified/apartment/for-sale/profondeville-profondeville/5170/20806329
https://www.immoweb.be/en/classified/duplex/for-sale/profondeville/5170/20806328
https://www.immoweb.be/en/classified/house/for-sale/jambes/5100/20806327
https://www.immoweb.be/en/classified/new-real-estate-project-apartments/for-sale/wavre/1300/20806312
https://www.immoweb.be/en/classified/house/for-sale/sainte-ode/6680/20806313
https://www.immoweb.be/en/classified/house/for-sale/schaerbeek/1030/20806308
https://www.immoweb.be/en/classified/house/for-sale/brugge/8000/20806306
https://www.immoweb.be/en/classified/apartment/for-sale/zellik/1731/20806304
https://www.immoweb.be/en/classified/house/for-sale/liedekerke/1770/20806303
https://www.immoweb.be/en/classified/apartment/for-sale/schaerbeek/1030/20806302
https://www.immoweb.be/en/classified/house/for-sale/sainte-ode/6680/20806300
https://www.immoweb.be/en/classified/apartment/for-sale/antwerpen/2660/20806298
https://www.immoweb.be/en/classified/mixed-use-building/for-sale/bettincourt/4300/20806294
https://www.immoweb.be/en/classified/house/for-sale/ath/7800/20238649
https://www.immoweb.be/en/classified/apartment/for-sale/flobecq/7880/20749575
https://www.immoweb.be/en/classified/house/for-sale/ans/4430/20806293
https://www.immoweb.be/en/classified/house/for-sale/lessines/7860/10804199
https://www.immoweb.be/en/classified/apartment/for-sale/ath/7800/20734728
https://www.immoweb.be/en/classified/house/for-sale/huy/4500/20806292
https://www.immoweb.be/en/classified/house/for-sale/lessines/7866/20285913
https://www.immoweb.be/en/classified/new-real-estate-project-houses/for-sale/ath/7800/10804230
https://www.immoweb.be/en/classified/house/for-sale/hasselt/3500/20806291
https://www.immoweb.be/en/classified/house/for-sale/lessines/7860/20094648
https://www.immoweb.be/en/classified/villa/for-sale/tielt-8700/8700/20806288
https://www.immoweb.be/en/classified/house/for-sale/mechelen/2800/20801232
https://www.immoweb.be/en/classified/villa/for-sale/horebeke/9667/20779613
https://www.immoweb.be/en/classified/penthouse/for-sale/woluwe-saint-pierre/1150/20684931
https://www.immoweb.be/en/classified/house/for-sale/kraainem/1950/20801326
https://www.immoweb.be/en/classified/country-cottage/for-sale/dikkelvenne/9890/20804217
https://www.immoweb.be/en/classified/house/for-sale/ans/4430/20782181
https://www.immoweb.be/en/classified/house/for-sale/engis/4480/20781208
https://www.immoweb.be/en/classified/town-house/for-sale/hemiksem/2620/20782886
https://www.immoweb.be/en/classified/house/for-sale/heusden/9070/20784838
https://www.immoweb.be/en/classified/house/for-sale/waterloo/1410/20460224
https://www.immoweb.be/en/classified/house/for-sale/deinze-astene/9800/20814168
https://www.immoweb.be/en/classified/house/for-sale/deinze-astene/9800/20814190
https://www.immoweb.be/en/classified/house/for-sale/deinze-astene/9800/20814192
https://www.immoweb.be/en/classified/house/for-sale/deinze-astene/9800/20814167
https://www.immoweb.be/en/classified/house/for-sale/nivelles/1400/20764678
https://www.immoweb.be/en/classified/house/for-sale/wilsele/3012/20795274
https://www.immoweb.be/en/classified/apartment/for-sale/deurne/2100/20763268
https://www.immoweb.be/en/classified/house/for-sale/kuurne/8520/20796526
https://www.immoweb.be/en/classified/villa/for-sale/braine-lalleud/1420/20755943
https://www.immoweb.be/en/classified/house/for-sale/lier/2500/20798176
https://www.immoweb.be/en/classified/house/for-sale/kortrijk/8500/20796512
https://www.immoweb.be/en/classified/apartment/for-sale/evere/1140/20778723
https://www.immoweb.be/en/classified/flat-studio/for-sale/saint-gilles/1060/20785800
https://www.immoweb.be/en/classified/ground-floor/for-sale/molenbeek-saint-jean/1080/20791249
https://www.immoweb.be/en/classified/apartment/for-sale/hasselt/3500/20790442
https://www.immoweb.be/en/classified/apartment/for-sale/harelbeke/8530/20788593
https://www.immoweb.be/en/classified/duplex/for-sale/wavre/1300/20789985
https://www.immoweb.be/en/classified/apartment/for-sale/brussel/1000/20791567
https://www.immoweb.be/en/classified/apartment/for-sale/oostende/8400/20788177
https://www.immoweb.be/en/classified/villa/for-sale/waregem/8790/20803497
https://www.immoweb.be/en/classified/apartment/for-sale/oostende/8400/20812463
https://www.immoweb.be/en/classified/apartment/for-sale/wemmel/1780/20812461
https://www.immoweb.be/en/classified/new-real-estate-project-houses/for-sale/haasrode/3053/20812460
https://www.immoweb.be/en/classified/house/for-sale/watervliet/9988/20812459
https://www.immoweb.be/en/classified/house/for-sale/eeklo/9900/20812458
https://www.immoweb.be/en/classified/house/for-sale/gentbrugge/9050/20812457
https://www.immoweb.be/en/classified/villa/for-sale/sint-martens-latem/9830/20812454
https://www.immoweb.be/en/classified/house/for-sale/athus/6791/20812451
https://www.immoweb.be/en/classified/exceptional-property/for-sale/laeken/1020/20812435
https://www.immoweb.be/en/classified/house/for-sale/genk/3600/20812434
https://www.immoweb.be/en/classified/house/for-sale/strepy-bracquegnies/7110/20812433
https://www.immoweb.be/en/classified/apartment/for-sale/antwerpen/2018/20812431
https://www.immoweb.be/en/classified/house/for-sale/heist-aan-zee/8301/20812421
https://www.immoweb.be/en/classified/house/for-sale/antwerpen/2018/20812420
https://www.immoweb.be/en/classified/apartment/for-sale/wavre/1300/20812417
https://www.immoweb.be/en/classified/penthouse/for-sale/wavre/1300/20812416
https://www.immoweb.be/en/classified/house/for-sale/kortrijk/8500/20812415
https://www.immoweb.be/en/classified/house/for-sale/ronse/9600/20812414
https://www.immoweb.be/en/classified/house/for-sale/mont-de-lenclus/7750/20812413
https://www.immoweb.be/en/classified/house/for-sale/brunehaut-hollain/7620/20640056
https://www.immoweb.be/en/classified/ground-floor/for-sale/hasselt/3500/20812412
https://www.immoweb.be/en/classified/house/for-sale/aalbeke/8511/20812409
https://www.immoweb.be/en/classified/apartment/for-sale/saint-nicolas/4420/20812408
https://www.immoweb.be/en/classified/apartment/for-sale/flemalle/4400/20812407
https://www.immoweb.be/en/classified/apartment/for-sale/flemalle/4400/20812404
https://www.immoweb.be/en/classified/apartment/for-sale/flemalle/4400/20812405
https://www.immoweb.be/en/classified/villa/for-sale/courcelles/6180/20812403
https://www.immoweb.be/en/classified/house/for-sale/merelbeke/9820/20812401
https://www.immoweb.be/en/classified/house/for-sale/oosterzele/9860/20812402
https://www.immoweb.be/en/classified/house/for-sale/erpe-mere/9420/20812399
https://www.immoweb.be/en/classified/apartment/for-sale/koersel/3582/20798588
https://www.immoweb.be/en/classified/apartment/for-sale/balen/2490/20799264
https://www.immoweb.be/en/classified/apartment/for-sale/duinbergen/8301/20797703
https://www.immoweb.be/en/classified/duplex/for-sale/oostende/8400/20796836
https://www.immoweb.be/en/classified/apartment/for-sale/sint-truiden/3800/20799433
https://www.immoweb.be/en/classified/apartment/for-sale/sint-truiden/3800/20799434
https://www.immoweb.be/en/classified/apartment/for-sale/sint-truiden/3800/20799432
https://www.immoweb.be/en/classified/villa/for-sale/knokke/8300/20799356
https://www.immoweb.be/en/classified/ground-floor/for-sale/boom/2850/20816727
https://www.immoweb.be/en/classified/house/for-sale/etalle/6740/20780734
https://www.immoweb.be/en/classified/apartment/for-sale/nalinnes/6120/20747632
https://www.immoweb.be/en/classified/apartment/for-sale/schaerbeek/1030/20813474
https://www.immoweb.be/en/classified/apartment/for-sale/gent/9000/20813770
https://www.immoweb.be/en/classified/apartment/for-sale/zeebrugge/8380/20814737
https://www.immoweb.be/en/classified/service-flat/for-sale/heverlee/3001/20761667
https://www.immoweb.be/en/classified/house/for-sale/nassogne/6950/20738574
https://www.immoweb.be/en/classified/apartment/for-sale/lier/2500/20766973
https://www.immoweb.be/en/classified/apartment/for-sale/kontich/2550/20765362
https://www.immoweb.be/en/classified/house/for-sale/hasselt/3500/20811840
https://www.immoweb.be/en/classified/house/for-sale/holsbeek/3221/20774333
https://www.immoweb.be/en/classified/country-cottage/for-sale/sint-blasius-boekel/9630/20775874
https://www.immoweb.be/en/classified/country-cottage/for-sale/sint-blasius-boekel/9630/20775861
https://www.immoweb.be/en/classified/house/for-sale/merchtem/1785/20676867
https://www.immoweb.be/en/classified/house/for-sale/redu/6890/20774041
https://www.immoweb.be/en/classified/villa/for-sale/brasschaat/2930/20776160
https://www.immoweb.be/en/classified/villa/for-sale/brussel/1020/20693296
https://www.immoweb.be/en/classified/house/for-sale/antwerpen/2018/20812167
https://www.immoweb.be/en/classified/house/for-sale/knokke-zoute/8300/20771345
https://www.immoweb.be/en/classified/apartment/for-sale/bruxelles/1000/20787101
https://www.immoweb.be/en/classified/house/for-sale/denderleeuw/9470/20788198
https://www.immoweb.be/en/classified/ground-floor/for-sale/borgerhout/2140/20805094
https://www.immoweb.be/en/classified/house/for-sale/kluizen/9940/20805092
https://www.immoweb.be/en/classified/flat-studio/for-sale/leuven/3000/20805091
https://www.immoweb.be/en/classified/apartment/for-sale/jambes/5100/20631045
https://www.immoweb.be/en/classified/apartment/for-sale/evere/1140/20805088
https://www.immoweb.be/en/classified/house/for-sale/dison/4820/20805086
https://www.immoweb.be/en/classified/town-house/for-sale/villers-le-bouillet-villers-le-bouillet/4530/20805085
https://www.immoweb.be/en/classified/apartment/for-sale/anderlecht-anderlecht/1070/20805084
https://www.immoweb.be/en/classified/apartment/for-sale/molenbeek-saint-jean/1080/20805083
https://www.immoweb.be/en/classified/apartment/for-sale/arendonk/2370/20805081
https://www.immoweb.be/en/classified/house/for-sale/as/3665/20805079
https://www.immoweb.be/en/classified/house/for-sale/leuven/3012/20805077
https://www.immoweb.be/en/classified/house/for-sale/zottegem/9620/20805076
https://www.immoweb.be/en/classified/house/for-sale/knokke-heist/8300/20805075
https://www.immoweb.be/en/classified/house/for-sale/estaimpuis/7730/20768703
https://www.immoweb.be/en/classified/house/for-sale/waregem/8790/20805072
https://www.immoweb.be/en/classified/penthouse/for-sale/middelkerke/8430/20805071
https://www.immoweb.be/en/classified/house/for-sale/uccle/1180/20805068
https://www.immoweb.be/en/classified/apartment/for-sale/gent/9000/20805066
https://www.immoweb.be/en/classified/apartment/for-sale/wilrijk/2610/20805064
https://www.immoweb.be/en/classified/apartment/for-sale/knokke-heist/8300/20805062
https://www.immoweb.be/en/classified/house/for-sale/knokke-zoute/8300/20805061
https://www.immoweb.be/en/classified/house/for-sale/waarschoot/9950/20805056
https://www.immoweb.be/en/classified/house/for-sale/itegem/2222/20805053
https://www.immoweb.be/en/classified/house/for-sale/heist-op-den-berg/2220/20805052
https://www.immoweb.be/en/classified/house/for-sale/dilsen-stokkem/3650/20805051
https://www.immoweb.be/en/classified/farmhouse/for-sale/diepenbeek/3590/11217191
https://www.immoweb.be/en/classified/house/for-sale/moerzeke/9220/20805045
https://www.immoweb.be/en/classified/mixed-use-building/for-sale/kuurne/8520/20805043
https://www.immoweb.be/en/classified/villa/for-sale/uccle/1180/20805042
https://www.immoweb.be/en/classified/ground-floor/for-sale/bruxelles/1000/20809290
https://www.immoweb.be/en/classified/apartment/for-sale/nieuwpoort/8620/20810237
https://www.immoweb.be/en/classified/apartment/for-sale/gent/9032/20794535
https://www.immoweb.be/en/classified/apartment/for-sale/jette/1090/20580462
https://www.immoweb.be/en/classified/house/for-sale/de-klinge/9170/20804223
https://www.immoweb.be/en/classified/house/for-sale/moustier-sur-sambre/5190/20803213
https://www.immoweb.be/en/classified/house/for-sale/gent/9000/20801198
https://www.immoweb.be/en/classified/house/for-sale/brugge/8000/20804073
https://www.immoweb.be/en/classified/apartment/for-sale/antwerpen/2000/20781275
https://www.immoweb.be/en/classified/apartment/for-sale/molenbeek-saint-jean/1080/20706294
https://www.immoweb.be/en/classified/house/for-sale/braine-lalleud-braine-lalleud/1420/20801264
https://www.immoweb.be/en/classified/apartment-block/for-sale/antwerpen-noord/2060/20800922
https://www.immoweb.be/en/classified/house/for-sale/antwerpen-noord/2060/20800923
https://www.immoweb.be/en/classified/apartment/for-sale/bruxelles/1000/20760659
https://www.immoweb.be/en/classified/apartment/for-sale/woluwe-saint-pierre/1150/20466751
https://www.immoweb.be/en/classified/house/for-sale/oostrozebeke/8780/20802175
https://www.immoweb.be/en/classified/villa/for-sale/moorsele/8560/20802177
https://www.immoweb.be/en/classified/villa/for-sale/braine-le-chateau/1440/20801257
https://www.immoweb.be/en/classified/house/for-sale/mechelen/2800/20801232
https://www.immoweb.be/en/classified/villa/for-sale/horebeke/9667/20779613
https://www.immoweb.be/en/classified/penthouse/for-sale/woluwe-saint-pierre/1150/20684931
https://www.immoweb.be/en/classified/house/for-sale/kraainem/1950/20801326
https://www.immoweb.be/en/classified/country-cottage/for-sale/dikkelvenne/9890/20804217
https://www.immoweb.be/en/classified/house/for-sale/ans/4430/20782181
https://www.immoweb.be/en/classified/house/for-sale/engis/4480/20781208
https://www.immoweb.be/en/classified/town-house/for-sale/hemiksem/2620/20782886
https://www.immoweb.be/en/classified/house/for-sale/heusden/9070/20784838
https://www.immoweb.be/en/classified/house/for-sale/waterloo/1410/20460224
https://www.immoweb.be/en/classified/house/for-sale/deinze-astene/9800/20814168
https://www.immoweb.be/en/classified/house/for-sale/deinze-astene/9800/20814190
https://www.immoweb.be/en/classified/apartment/for-sale/denderleeuw/9470/20812390
https://www.immoweb.be/en/classified/house/for-sale/jezus-eik/3090/20812389
https://www.immoweb.be/en/classified/apartment/for-sale/gent/9000/20812388
https://www.immoweb.be/en/classified/apartment/for-sale/duinbergen/8301/20812378
https://www.immoweb.be/en/classified/apartment/for-sale/deurne/2100/20801122
https://www.immoweb.be/en/classified/villa/for-sale/balen/2490/20812376
https://www.immoweb.be/en/classified/apartment/for-sale/ukkel/1180/20812375
https://www.immoweb.be/en/classified/house/for-sale/oudenaarde/9700/20812371
https://www.immoweb.be/en/classified/house/for-sale/oudenaarde/9700/20812370
https://www.immoweb.be/en/classified/apartment/for-sale/eine/9700/20812369
https://www.immoweb.be/en/classified/house/for-sale/maarkedal/9680/20812368
https://www.immoweb.be/en/classified/apartment/for-sale/sint-truiden/3800/20337851
https://www.immoweb.be/en/classified/house/for-sale/merelbeke-melle/9820/20812325
https://www.immoweb.be/en/classified/apartment/for-sale/gent/9000/20812324
https://www.immoweb.be/en/classified/apartment/for-sale/de-panne/8660/20812321
https://www.immoweb.be/en/classified/house/for-sale/kessel-lo/3010/20812316
https://www.immoweb.be/en/classified/house/for-sale/kortemark/8610/20812315
https://www.immoweb.be/en/classified/apartment/for-sale/oostende/8400/11178945
https://www.immoweb.be/en/classified/apartment/for-sale/bilzen/3740/20812309
https://www.immoweb.be/en/classified/apartment/for-sale/bilzen/3740/20812308
https://www.immoweb.be/en/classified/apartment/for-sale/bilzen/3740/20812307
https://www.immoweb.be/en/classified/apartment/for-sale/bilzen/3740/20812306
https://www.immoweb.be/en/classified/house/for-sale/chaumont-gistoux/1325/20812299
https://www.immoweb.be/en/classified/villa/for-sale/chaumont-gistoux/1325/20812298
https://www.immoweb.be/en/classified/house/for-sale/mechelen/2800/20272810
https://www.immoweb.be/en/classified/house/for-sale/mechelen/2800/20272268
https://www.immoweb.be/en/classified/house/for-sale/mechelen/2800/20272231
https://www.immoweb.be/en/classified/house/for-sale/mechelen/2800/20272267
https://www.immoweb.be/en/classified/house/for-sale/mechelen/2800/20272284
https://www.immoweb.be/en/classified/house/for-sale/mechelen/2800/20276561
https://www.immoweb.be/en/classified/apartment/for-sale/mortsel/2640/20786532
https://www.immoweb.be/en/classified/penthouse/for-sale/molenbeek-saint-jean/1080/20783786
https://www.immoweb.be/en/classified/apartment/for-sale/avelgem/8580/20786612
https://www.immoweb.be/en/classified/apartment/for-sale/leuven/3000/20786562
https://www.immoweb.be/en/classified/apartment/for-sale/blankenberge/8370/20787755
https://www.immoweb.be/en/classified/duplex/for-sale/ruisbroek-bt/1601/20785156
https://www.immoweb.be/en/classified/apartment/for-sale/ruisbroek-bt/1601/20785155
https://www.immoweb.be/en/classified/apartment/for-sale/antwerpen/2000/20788255
https://www.immoweb.be/en/classified/apartment/for-sale/edegem/2650/20802445
https://www.immoweb.be/en/classified/house/for-sale/brugge/8000/20806306
https://www.immoweb.be/en/classified/apartment/for-sale/temse/9140/20804254
https://www.immoweb.be/en/classified/house/for-sale/oostrozebeke/8780/20811845
https://www.immoweb.be/en/classified/house/for-sale/sint-andries/8200/20806174
https://www.immoweb.be/en/classified/house/for-sale/brugge/8000/20806482
https://www.immoweb.be/en/classified/mixed-use-building/for-sale/desselgem/8792/20807650
https://www.immoweb.be/en/classified/house/for-sale/wuustwezel/2990/20812061
https://www.immoweb.be/en/classified/villa/for-sale/putte/2580/20806256
https://www.immoweb.be/en/classified/house/for-sale/etterbeek/1040/20810924
https://www.immoweb.be/en/classified/house/for-sale/edegem/2650/20789871
https://www.immoweb.be/en/classified/house/for-sale/woluwe-saint-pierre/1150/20789273
https://www.immoweb.be/en/classified/villa/for-sale/edegem/2650/20789868
https://www.immoweb.be/en/classified/house/for-sale/etterbeek/1040/20789008
https://www.immoweb.be/en/classified/apartment/for-sale/bredene/8450/20798106
https://www.immoweb.be/en/classified/apartment/for-sale/roeselare/8800/20795117
https://www.immoweb.be/en/classified/apartment/for-sale/borgerhout/2140/20797348
https://www.immoweb.be/en/classified/apartment/for-sale/jambes/5100/20794068
https://www.immoweb.be/en/classified/duplex/for-sale/deurne/2100/20796435
https://www.immoweb.be/en/classified/apartment/for-sale/ieper/8900/20795180
https://www.immoweb.be/en/classified/apartment/for-sale/ieper/8900/20795137
https://www.immoweb.be/en/classified/apartment/for-sale/ixelles/1050/20794889
https://www.immoweb.be/en/classified/apartment/for-sale/gent/9000/20814434
https://www.immoweb.be/en/classified/apartment/for-sale/knokke-heist/8300/20814433
https://www.immoweb.be/en/classified/penthouse/for-sale/uccle/1180/20814487
https://www.immoweb.be/en/classified/house/for-sale/zomergem/9930/20814432
https://www.immoweb.be/en/classified/house/for-sale/haccourt/4684/20814431
https://www.immoweb.be/en/classified/apartment/for-sale/waregem/8790/20814430
https://www.immoweb.be/en/classified/house/for-sale/uccle/1180/20814428
https://www.immoweb.be/en/classified/apartment/for-sale/gent/9000/20814427
https://www.immoweb.be/en/classified/apartment/for-sale/lokeren/9160/20814426
https://www.immoweb.be/en/classified/apartment/for-sale/gent/9000/20814423
https://www.immoweb.be/en/classified/house/for-sale/oudenburg/8460/20814422
https://www.immoweb.be/en/classified/house/for-sale/tessenderlo/3980/20814420
https://www.immoweb.be/en/classified/house/for-sale/huizingen/1654/20814419
https://www.immoweb.be/en/classified/apartment/for-sale/gent/9000/20814417
https://www.immoweb.be/en/classified/apartment/for-sale/ichtegem/8480/20814418
https://www.immoweb.be/en/classified/mixed-use-building/for-sale/antwerpen/2000/20814414
https://www.immoweb.be/en/classified/apartment/for-sale/diksmuide/8600/20814415
https://www.immoweb.be/en/classified/house/for-sale/haaltert/9450/20814413
https://www.immoweb.be/en/classified/house/for-sale/tessenderlo/3980/20814409
https://www.immoweb.be/en/classified/house/for-sale/gent/9000/20814407
https://www.immoweb.be/en/classified/house/for-sale/kortemark/8610/20814408
https://www.immoweb.be/en/classified/villa/for-sale/lebbeke-wieze/9280/20814425
https://www.immoweb.be/en/classified/house/for-sale/erpe-mere/9420/20814406
https://www.immoweb.be/en/classified/penthouse/for-sale/herzele/9550/20814405
https://www.immoweb.be/en/classified/house/for-sale/londerzeel/1840/20814403
https://www.immoweb.be/en/classified/apartment/for-sale/gent/9000/20814412
https://www.immoweb.be/en/classified/house/for-sale/koekelare/8680/20814396
https://www.immoweb.be/en/classified/mansion/for-sale/dendermonde/9200/20814395
https://www.immoweb.be/en/classified/apartment/for-sale/blankenberge/8370/20814393
https://www.immoweb.be/en/classified/house/for-sale/gent/9000/20814392
https://www.immoweb.be/en/classified/house/for-sale/berchem/2600/20786208
https://www.immoweb.be/en/classified/villa/for-sale/overijse/3090/20783829
https://www.immoweb.be/en/classified/apartment-block/for-sale/merksem/2170/20786853
https://www.immoweb.be/en/classified/apartment/for-sale/antwerpen/2060/20814304
https://www.immoweb.be/en/classified/new-real-estate-project-apartments/for-sale/lommel/3920/20766953
https://www.immoweb.be/en/classified/new-real-estate-project-apartments/for-sale/namur/5000/20755750
https://www.immoweb.be/en/classified/new-real-estate-project-apartments/for-sale/zaventem-sint-stevens-woluwe/1932/20676608
https://www.immoweb.be/en/classified/apartment/for-sale/neupre/4121/20813535
https://www.immoweb.be/en/classified/new-real-estate-project-apartments/for-sale/bruxelles/1000/20729053
https://www.immoweb.be/en/classified/apartment/for-sale/watermael/1170/20814307
https://www.immoweb.be/en/classified/apartment/for-sale/knokke-heist/8301/20811988
https://www.immoweb.be/en/classified/apartment/for-sale/hoboken/2660/20498535
https://www.immoweb.be/en/classified/apartment/for-sale/hoboken/2660/20491361
https://www.immoweb.be/en/classified/apartment/for-sale/hoboken/2660/20619444
https://www.immoweb.be/en/classified/ground-floor/for-sale/nijlen/2560/20777704
https://www.immoweb.be/en/classified/apartment/for-sale/namur/5000/20725128
https://www.immoweb.be/en/classified/apartment/for-sale/bornem/2880/20784512
https://www.immoweb.be/en/classified/apartment/for-sale/watermael-boitsfort/1170/20785016
https://www.immoweb.be/en/classified/house/for-sale/schoten/2900/20818592
https://www.immoweb.be/en/classified/house/for-sale/maldegem/9990/20817725
https://www.immoweb.be/en/classified/villa/for-sale/woluwe-saint-pierre/1150/20795115
https://www.immoweb.be/en/classified/mansion/for-sale/ixelles/1050/20817924
https://www.immoweb.be/en/classified/apartment-block/for-sale/ixelles/1050/20817925
https://www.immoweb.be/en/classified/house/for-sale/sint-amands/2890/20799972
https://www.immoweb.be/en/classified/house/for-sale/merelbeke/9820/20798924
https://www.immoweb.be/en/classified/house/for-sale/knokke-zoute/8300/20798915
https://www.immoweb.be/en/classified/duplex/for-sale/mechelen/2800/20800170
https://www.immoweb.be/en/classified/apartment/for-sale/gent/9000/20799807
https://www.immoweb.be/en/classified/ground-floor/for-sale/jette/1090/20680954
https://www.immoweb.be/en/classified/villa/for-sale/bruxelles/1020/20567262
https://www.immoweb.be/en/classified/villa/for-sale/overijse/3090/20812626
https://www.immoweb.be/en/classified/house/for-sale/lasne/1380/20812625
https://www.immoweb.be/en/classified/house/for-sale/lennik/1750/20664269
https://www.immoweb.be/en/classified/house/for-sale/la-hulpe/1310/20812623
https://www.immoweb.be/en/classified/apartment/for-sale/forest/1190/20812622
https://www.immoweb.be/en/classified/apartment/for-sale/paliseul/6850/20812616
https://www.immoweb.be/en/classified/house/for-sale/mons-lez-liege/4400/20812615
https://www.immoweb.be/en/classified/apartment/for-sale/paliseul/6850/20812609
https://www.immoweb.be/en/classified/house/for-sale/scherpenheuvel-zichem/3270/20795729
https://www.immoweb.be/en/classified/house/for-sale/staden/8840/20812605
https://www.immoweb.be/en/classified/new-real-estate-project-houses/for-sale/westerlo/2260/20812592
https://www.immoweb.be/en/classified/house/for-sale/westerlo/2260/20812591
https://www.immoweb.be/en/classified/villa/for-sale/kapellen/2950/20812589
https://www.immoweb.be/en/classified/apartment/for-sale/anseremme/5500/20812585
https://www.immoweb.be/en/classified/house/for-sale/voorde/9400/20812583
https://www.immoweb.be/en/classified/apartment/for-sale/oostende/8400/20812582
https://www.immoweb.be/en/classified/apartment/for-sale/wortegem-petegem/9790/20812581
https://www.immoweb.be/en/classified/apartment/for-sale/nazareth-de-pinte/9810/20812580
https://www.immoweb.be/en/classified/villa/for-sale/limal/1300/20812578
https://www.immoweb.be/en/classified/house/for-sale/verlaine/4537/20812130
https://www.immoweb.be/en/classified/house/for-sale/saint-hubert/6870/20812574
https://www.immoweb.be/en/classified/apartment/for-sale/hasselt/3500/20812572
https://www.immoweb.be/en/classified/house/for-sale/olen/2250/20812570
https://www.immoweb.be/en/classified/house/for-sale/herzele/9550/20812567
https://www.immoweb.be/en/classified/house/for-sale/burdinne/4210/20812566
https://www.immoweb.be/en/classified/house/for-sale/hoboken/2660/20812563
https://www.immoweb.be/en/classified/house/for-sale/hoboken/2660/20812562
https://www.immoweb.be/en/classified/villa/for-sale/duffel/2570/20812561
https://www.immoweb.be/en/classified/apartment-block/for-sale/antwerpen/2000/20812560
https://www.immoweb.be/en/classified/house/for-sale/diest/3290/20812559
https://www.immoweb.be/en/classified/apartment/for-sale/schaerbeek/1030/20783354
https://www.immoweb.be/en/classified/apartment/for-sale/antwerpen-deurne/2100/20816722
https://www.immoweb.be/en/classified/ground-floor/for-sale/hoboken/2660/20762760
https://www.immoweb.be/en/classified/apartment/for-sale/blankenberge/8370/20761977
https://www.immoweb.be/en/classified/apartment/for-sale/sint-amands/2890/20763226
https://www.immoweb.be/en/classified/apartment/for-sale/oostende/8400/20815945
https://www.immoweb.be/en/classified/penthouse/for-sale/evergem/9940/20762470
https://www.immoweb.be/en/classified/house/for-sale/stekene/9190/20768943
https://www.immoweb.be/en/classified/apartment-block/for-sale/ixelles/1050/20771989
https://www.immoweb.be/en/classified/house/for-sale/ixelles/1050/20771986
https://www.immoweb.be/en/classified/villa/for-sale/wavre/1300/20813074
https://www.immoweb.be/en/classified/flat-studio/for-sale/de-panne/8660/20777095
https://www.immoweb.be/en/classified/mixed-use-building/for-sale/bois-de-lessines/7860/20816187
https://www.immoweb.be/en/classified/house/for-sale/lokeren/9160/20813628
https://www.immoweb.be/en/classified/house/for-sale/zele/9240/20815707
https://www.immoweb.be/en/classified/house/for-sale/zele/9240/20815706
https://www.immoweb.be/en/classified/house/for-sale/aalst/9300/20813303
https://www.immoweb.be/en/classified/villa/for-sale/torhout/8820/20813380
https://www.immoweb.be/en/classified/house/for-sale/kruishoutem/9770/20815992
https://www.immoweb.be/en/classified/mansion/for-sale/oostende/8400/20814385
https://www.immoweb.be/en/classified/villa/for-sale/lendelede/8860/20813586
https://www.immoweb.be/en/classified/house/for-sale/leuven-heverlee/3001/20816428
https://www.immoweb.be/en/classified/house/for-sale/kortrijk/8500/20813316
https://www.immoweb.be/en/classified/house/for-sale/herzele/9550/20815313
https://www.immoweb.be/en/classified/town-house/for-sale/gent/9000/20813857
https://www.immoweb.be/en/classified/villa/for-sale/kortrijk/8510/20814387
https://www.immoweb.be/en/classified/exceptional-property/for-sale/braine-lalleud/1420/20815544
https://www.immoweb.be/en/classified/exceptional-property/for-sale/braine-le-chateau/1440/20815514
https://www.immoweb.be/en/classified/house/for-sale/knokke-zoute/8300/20815905
https://www.immoweb.be/en/classified/house/for-sale/marchin/4570/20797117
https://www.immoweb.be/en/classified/apartment/for-sale/antwerpen/2018/20808867
https://www.immoweb.be/en/classified/apartment/for-sale/antwerpen/2018/20808865
https://www.immoweb.be/en/classified/apartment/for-sale/groot-bijgaarden/1702/20808862
https://www.immoweb.be/en/classified/flat-studio/for-sale/liege/4000/20808861
https://www.immoweb.be/en/classified/house/for-sale/liege/4000/20808860
https://www.immoweb.be/en/classified/apartment/for-sale/antwerpen/2018/20808858
https://www.immoweb.be/en/classified/house/for-sale/somme-leuze/5377/20808856
https://www.immoweb.be/en/classified/house/for-sale/erquelinnes/6560/20808852
https://www.immoweb.be/en/classified/house/for-sale/uccle/1180/20808850
https://www.immoweb.be/en/classified/house/for-sale/pont-a-celles/6230/20808845
https://www.immoweb.be/en/classified/house/for-sale/bekkevoort/3460/20808842
https://www.immoweb.be/en/classified/apartment-block/for-sale/hannut/4280/20808840
https://www.immoweb.be/en/classified/apartment/for-sale/antwerpen/2000/20808839
https://www.immoweb.be/en/classified/apartment/for-sale/oudenaarde/9700/20808838
https://www.immoweb.be/en/classified/apartment/for-sale/gent/9000/20808833
https://www.immoweb.be/en/classified/apartment/for-sale/gent/9000/20808835
https://www.immoweb.be/en/classified/duplex/for-sale/wavre/1300/20808831
https://www.immoweb.be/en/classified/duplex/for-sale/wavre/1300/20808832
https://www.immoweb.be/en/classified/apartment/for-sale/middelkerke/8430/20807487
https://www.immoweb.be/en/classified/house/for-sale/pont-a-celles/6230/20808820
https://www.immoweb.be/en/classified/new-real-estate-project-apartments/for-sale/braine-lalleud/1420/20808813
https://www.immoweb.be/en/classified/new-real-estate-project-apartments/for-sale/kortrijk/8500/20808812
https://www.immoweb.be/en/classified/apartment/for-sale/arlon/6700/20808810
https://www.immoweb.be/en/classified/villa/for-sale/itterbeek/1701/20808808
https://www.immoweb.be/en/classified/apartment/for-sale/diksmuide/8600/20808806
https://www.immoweb.be/en/classified/house/for-sale/courcelles-souvret/6182/20808803
https://www.immoweb.be/en/classified/house/for-sale/maldegem/9990/20808802
https://www.immoweb.be/en/classified/house/for-sale/ichtegem/8480/20808801
https://www.immoweb.be/en/classified/mixed-use-building/for-sale/uccle/1180/20808796
https://www.immoweb.be/en/classified/house/for-sale/beringen-koersel/3582/20808794
https://www.immoweb.be/en/classified/house/for-sale/dentergem/8720/20798901
https://www.immoweb.be/en/classified/house/for-sale/harelbeke/8530/20798912
https://www.immoweb.be/en/classified/house/for-sale/zedelgem/8210/20777139
https://www.immoweb.be/en/classified/house/for-sale/gent/9000/20799715
https://www.immoweb.be/en/classified/house/for-sale/kapelle-op-den-bos/1880/20799165
https://www.immoweb.be/en/classified/apartment/for-sale/hoboken/2660/20517125
https://www.immoweb.be/en/classified/apartment/for-sale/namur/5000/20783328
https://www.immoweb.be/en/classified/apartment/for-sale/wenduine/8420/20782575
https://www.immoweb.be/en/classified/apartment/for-sale/houthalen/3530/20801858
https://www.immoweb.be/en/classified/apartment/for-sale/houthalen/3530/20801860
https://www.immoweb.be/en/classified/apartment/for-sale/houthalen/3530/20801863
https://www.immoweb.be/en/classified/apartment/for-sale/houthalen/3530/20801857
https://www.immoweb.be/en/classified/apartment/for-sale/houthalen/3530/20801862
https://www.immoweb.be/en/classified/apartment/for-sale/houthalen/3530/20801861
https://www.immoweb.be/en/classified/house/for-sale/ronse/9600/20707661
https://www.immoweb.be/en/classified/house/for-sale/oudenaarde/9700/20812371
https://www.immoweb.be/en/classified/house/for-sale/vloesberg/7880/20811721
https://www.immoweb.be/en/classified/house/for-sale/soumagne/4630/20812961
https://www.immoweb.be/en/classified/house/for-sale/antwerpen-2060/2060/20813905
https://www.immoweb.be/en/classified/house/for-sale/oreye/4360/20813514
https://www.immoweb.be/en/classified/house/for-sale/haasrode/3053/20812462
https://www.immoweb.be/en/classified/villa/for-sale/kapellen/2950/20812589
https://www.immoweb.be/en/classified/house/for-sale/ronse/9600/20789578
https://www.immoweb.be/en/classified/house/for-sale/lierde/9570/20789540
https://www.immoweb.be/en/classified/house/for-sale/oudenaarde/9700/20790709
https://www.immoweb.be/en/classified/new-real-estate-project-apartments/for-sale/roeselare/8800/20763537
https://www.immoweb.be/en/classified/new-real-estate-project-apartments/for-sale/blankenberge/8370/20763492
https://www.immoweb.be/en/classified/house/for-sale/herentals/2200/20794532
https://www.immoweb.be/en/classified/new-real-estate-project-apartments/for-sale/aalter/9880/20762024
https://www.immoweb.be/en/classified/new-real-estate-project-apartments/for-sale/wavre/1300/20728518
https://www.immoweb.be/en/classified/apartment/for-sale/bruxelles/1000/20812042
https://www.immoweb.be/en/classified/house/for-sale/zwalm/9630/20625564
https://www.immoweb.be/en/classified/house/for-sale/sint-martens-leerne/9800/20812040
https://www.immoweb.be/en/classified/house/for-sale/sint-martens-leerne/9800/20812039
https://www.immoweb.be/en/classified/apartment/for-sale/duinbergen/8301/20812032
https://www.immoweb.be/en/classified/apartment/for-sale/houthulst/8650/20429183
https://www.immoweb.be/en/classified/house/for-sale/oostende/8400/20812028
https://www.immoweb.be/en/classified/house/for-sale/kuurne/8520/20812027
https://www.immoweb.be/en/classified/house/for-sale/minderhout/2322/20511304
https://www.immoweb.be/en/classified/loft/for-sale/moorsel/9310/20812022
https://www.immoweb.be/en/classified/house/for-sale/koersel/3582/20812021
https://www.immoweb.be/en/classified/apartment/for-sale/sint-niklaas/9100/20812019
https://www.immoweb.be/en/classified/apartment/for-sale/berlaar/2590/20812018
https://www.immoweb.be/en/classified/apartment/for-sale/tielt-8700/8700/20812015
https://www.immoweb.be/en/classified/penthouse/for-sale/etterbeek/1040/20812014
https://www.immoweb.be/en/classified/apartment/for-sale/gent/9000/20812024
https://www.immoweb.be/en/classified/exceptional-property/for-sale/amay-ampsin/4540/20812011
https://www.immoweb.be/en/classified/mansion/for-sale/brugge/8000/20812009
https://www.immoweb.be/en/classified/apartment/for-sale/lille/2275/20812007
https://www.immoweb.be/en/classified/house/for-sale/braine-lalleud/1420/20812000
https://www.immoweb.be/en/classified/house/for-sale/roeselare/8800/20811999
https://www.immoweb.be/en/classified/house/for-sale/herent/3020/20811998
https://www.immoweb.be/en/classified/house/for-sale/assenede/9960/20811997
https://www.immoweb.be/en/classified/house/for-sale/deurne-2100/2100/20811996
https://www.immoweb.be/en/classified/house/for-sale/bornem/2880/20811994
https://www.immoweb.be/en/classified/house/for-sale/bornem/2880/20789060
https://www.immoweb.be/en/classified/apartment/for-sale/tielt/8700/20811991
https://www.immoweb.be/en/classified/house/for-sale/leuven-wijgmaal/3018/20811989
https://www.immoweb.be/en/classified/house/for-sale/pittem/8740/20811990
https://www.immoweb.be/en/classified/apartment/for-sale/knokke-heist/8301/20811988
https://www.immoweb.be/en/classified/house/for-sale/olne/4877/20742052
https://www.immoweb.be/en/classified/house/for-sale/meise/1861/20750077
https://www.immoweb.be/en/classified/house/for-sale/woluwe-saint-lambert/1200/20742724
https://www.immoweb.be/en/classified/house/for-sale/wezembeek-oppem/1970/20752692
https://www.immoweb.be/en/classified/villa/for-sale/anderlecht/1070/20779890
https://www.immoweb.be/en/classified/house/for-sale/woluwe-saint-pierre/1150/20627460
https://www.immoweb.be/en/classified/house/for-sale/kraainem/1950/20767551
https://www.immoweb.be/en/classified/flat-studio/for-sale/middelkerke/8430/20783771
https://www.immoweb.be/en/classified/house/for-sale/estaimpuis/7730/20768703
https://www.immoweb.be/en/classified/apartment/for-sale/hove/2540/20787894
https://www.immoweb.be/en/classified/triplex/for-sale/zaventem/1930/20783409
https://www.immoweb.be/en/classified/apartment/for-sale/antwerpen/2018/20785092
https://www.immoweb.be/en/classified/apartment/for-sale/diest/3290/20806759
https://www.immoweb.be/en/classified/apartment/for-sale/diest/3290/20806767
https://www.immoweb.be/en/classified/apartment/for-sale/diest/3290/20806771
https://www.immoweb.be/en/classified/apartment/for-sale/diest/3290/20806763
https://www.immoweb.be/en/classified/apartment/for-sale/diest/3290/20806769
https://www.immoweb.be/en/classified/apartment/for-sale/diest/3290/20806766
https://www.immoweb.be/en/classified/apartment/for-sale/diest/3290/20806760
https://www.immoweb.be/en/classified/apartment/for-sale/diest/3290/20806762
https://www.immoweb.be/en/classified/apartment/for-sale/diest/3290/20806768
https://www.immoweb.be/en/classified/apartment/for-sale/diest/3290/20806770
https://www.immoweb.be/en/classified/apartment/for-sale/mortsel/2640/20804087
https://www.immoweb.be/en/classified/apartment/for-sale/berchem/2600/20804088
https://www.immoweb.be/en/classified/apartment/for-sale/putte/2580/20804267
https://www.immoweb.be/en/classified/apartment/for-sale/antwerpen/2018/20782893
https://www.immoweb.be/en/classified/apartment/for-sale/leuven/3000/20800716
https://www.immoweb.be/en/classified/penthouse/for-sale/deinze/9800/20800428
https://www.immoweb.be/en/classified/house/for-sale/annevoie/5537/20815781
https://www.immoweb.be/en/classified/house/for-sale/hastiere/5544/20815852
https://www.immoweb.be/en/classified/house/for-sale/haasrode/3053/20812735
https://www.immoweb.be/en/classified/house/for-sale/lauwe/8930/20812734
https://www.immoweb.be/en/classified/house/for-sale/zoutleeuw/3440/20812730
https://www.immoweb.be/en/classified/apartment/for-sale/koksijde/8670/20643408
https://www.immoweb.be/en/classified/apartment/for-sale/antwerpen/2018/20812729
https://www.immoweb.be/en/classified/house/for-sale/antwerpen/2018/20812725
https://www.immoweb.be/en/classified/apartment/for-sale/ixelles/1050/11401160
https://www.immoweb.be/en/classified/apartment/for-sale/evere/1140/20812721
https://www.immoweb.be/en/classified/apartment/for-sale/vrasene/9120/20812720
https://www.immoweb.be/en/classified/apartment/for-sale/kluizen/9940/20812718
https://www.immoweb.be/en/classified/apartment/for-sale/kluizen/9940/20812717
https://www.immoweb.be/en/classified/apartment/for-sale/kluizen/9940/20812716
https://www.immoweb.be/en/classified/house/for-sale/lasne/1380/20812715
https://www.immoweb.be/en/classified/apartment/for-sale/lier/2500/20812713
https://www.immoweb.be/en/classified/ground-floor/for-sale/lier/2500/20812714
https://www.immoweb.be/en/classified/new-real-estate-project-apartments/for-sale/lier/2500/20812711
https://www.immoweb.be/en/classified/house/for-sale/ham/3945/20812705
https://www.immoweb.be/en/classified/house/for-sale/amay/4540/20812704
https://www.immoweb.be/en/classified/house/for-sale/roesbrugge/8972/20240345
https://www.immoweb.be/en/classified/mixed-use-building/for-sale/mechelen/2800/20812688
https://www.immoweb.be/en/classified/apartment/for-sale/lessen/7860/20812691
https://www.immoweb.be/en/classified/house/for-sale/lier/2500/20812682
https://www.immoweb.be/en/classified/villa/for-sale/trooz/4870/20787093
https://www.immoweb.be/en/classified/house/for-sale/spy/5190/20812679
https://www.immoweb.be/en/classified/town-house/for-sale/kontich/2550/20812678
https://www.immoweb.be/en/classified/house/for-sale/lier/2500/20812676
https://www.immoweb.be/en/classified/house/for-sale/lier/2500/20812677
https://www.immoweb.be/en/classified/apartment/for-sale/wilrijk/2610/20812191
https://www.immoweb.be/en/classified/apartment/for-sale/elsene/1050/20812675
https://www.immoweb.be/en/classified/house/for-sale/estinnes/7120/20812673
https://www.immoweb.be/en/classified/apartment/for-sale/antwerpen/2000/20814641
https://www.immoweb.be/en/classified/apartment/for-sale/antwerpen-ekeren/2180/20815714
https://www.immoweb.be/en/classified/apartment/for-sale/antwerpen-2000/2000/20814663
https://www.immoweb.be/en/classified/apartment/for-sale/knokke-heist/8300/20814824
https://www.immoweb.be/en/classified/apartment/for-sale/knokke-heist/8300/20814823
https://www.immoweb.be/en/classified/new-real-estate-project-apartments/for-sale/turnhout/2300/20779160
https://www.immoweb.be/en/classified/new-real-estate-project-apartments/for-sale/herenthout/2270/20779182
https://www.immoweb.be/en/classified/new-real-estate-project-apartments/for-sale/oud-turnhout/2360/20778369
https://www.immoweb.be/en/classified/new-real-estate-project-apartments/for-sale/olen/2250/20778339
https://www.immoweb.be/en/classified/new-real-estate-project-apartments/for-sale/brussel/1000/20766391
https://www.immoweb.be/en/classified/new-real-estate-project-apartments/for-sale/sint-idesbald/8670/20774725
https://www.immoweb.be/en/classified/new-real-estate-project-houses/for-sale/sint-idesbald/8670/20774726
https://www.immoweb.be/en/classified/house/for-sale/duffel/2570/20759022
https://www.immoweb.be/en/classified/house/for-sale/ressaix/7134/20810283
https://www.immoweb.be/en/classified/apartment/for-sale/deurne/2100/20787290
https://www.immoweb.be/en/classified/house/for-sale/ans/4430/20806293
https://www.immoweb.be/en/classified/apartment/for-sale/lier/2500/20788488
https://www.immoweb.be/en/classified/apartment/for-sale/moorsel/9310/20783749
https://www.immoweb.be/en/classified/house/for-sale/herzele/9550/20810102
https://www.immoweb.be/en/classified/apartment/for-sale/duffel/2570/20788256
https://www.immoweb.be/en/classified/house/for-sale/schilde/2970/20809281
https://www.immoweb.be/en/classified/house/for-sale/erpe/9420/20809298
https://www.immoweb.be/en/classified/house/for-sale/hechtel/3940/20809326
https://www.immoweb.be/en/classified/house/for-sale/vielsalm/6690/20806411
https://www.immoweb.be/en/classified/villa/for-sale/sijsele/8340/20807044
https://www.immoweb.be/en/classified/house/for-sale/aubange/6790/20785774
https://www.immoweb.be/en/classified/house/for-sale/antwerpen/2050/20789690
https://www.immoweb.be/en/classified/house/for-sale/beersel/1650/20786702
https://www.immoweb.be/en/classified/apartment/for-sale/gent/9000/20804156
https://www.immoweb.be/en/classified/apartment/for-sale/liege/4000/20803965
https://www.immoweb.be/en/classified/house/for-sale/woluwe-saint-pierre/1150/20813979
https://www.immoweb.be/en/classified/apartment/for-sale/brugge/8000/20813978
https://www.immoweb.be/en/classified/apartment/for-sale/oostende/8400/20712093
https://www.immoweb.be/en/classified/house/for-sale/deurne/2100/20813977
https://www.immoweb.be/en/classified/apartment/for-sale/borgerhout/2140/20810217
https://www.immoweb.be/en/classified/apartment/for-sale/deurne/2100/20813976
https://www.immoweb.be/en/classified/apartment/for-sale/schriek/2223/20813974
https://www.immoweb.be/en/classified/house/for-sale/asse/1730/20813973
https://www.immoweb.be/en/classified/bungalow/for-sale/leefdaal/3061/20813969
https://www.immoweb.be/en/classified/country-cottage/for-sale/sint-niklaas/9112/20813963
https://www.immoweb.be/en/classified/house/for-sale/beveren-leie/8791/20813962
https://www.immoweb.be/en/classified/apartment/for-sale/heist-op-den-berg/2220/20813958
https://www.immoweb.be/en/classified/house/for-sale/boom/2850/20813955
https://www.immoweb.be/en/classified/house/for-sale/leefdaal/3061/20678729
https://www.immoweb.be/en/classified/apartment/for-sale/roeselare/8800/20813953
https://www.immoweb.be/en/classified/apartment/for-sale/gent/9000/20813952
https://www.immoweb.be/en/classified/house/for-sale/gent/9000/20813951
https://www.immoweb.be/en/classified/house/for-sale/merelbeke-melle/9090/20813949
https://www.immoweb.be/en/classified/house/for-sale/diksmuide/8600/20813948
https://www.immoweb.be/en/classified/apartment/for-sale/schriek/2223/20813946
https://www.immoweb.be/en/classified/apartment/for-sale/gent/9000/20813945
https://www.immoweb.be/en/classified/house/for-sale/geraardsbergen/9500/20813943
https://www.immoweb.be/en/classified/apartment/for-sale/oostende/8400/20813941
https://www.immoweb.be/en/classified/duplex/for-sale/uccle/1180/20813938
https://www.immoweb.be/en/classified/apartment/for-sale/houthulst/8650/20813937
https://www.immoweb.be/en/classified/house/for-sale/orroir/7750/20813936
https://www.immoweb.be/en/classified/villa/for-sale/rixensart/1330/20813934
https://www.immoweb.be/en/classified/apartment/for-sale/houthulst/8650/20813933
https://www.immoweb.be/en/classified/apartment-block/for-sale/antwerpen/2060/20813931
https://www.immoweb.be/en/classified/kot/for-sale/antwerpen/2060/20813942
https://www.immoweb.be/en/classified/apartment/for-sale/wetteren/9230/20815247
https://www.immoweb.be/en/classified/apartment/for-sale/gent-sint-denijs-westrem/9051/20814177
https://www.immoweb.be/en/classified/apartment/for-sale/gent-sint-denijs-westrem/9051/20814179
https://www.immoweb.be/en/classified/apartment/for-sale/gent-sint-denijs-westrem/9051/20814189
https://www.immoweb.be/en/classified/apartment/for-sale/maldegem/9990/20814731
https://www.immoweb.be/en/classified/apartment/for-sale/anderlecht/1070/20814100
https://www.immoweb.be/en/classified/apartment/for-sale/ledeberg/9050/20811950
https://www.immoweb.be/en/classified/apartment/for-sale/evere/1140/20811078
https://www.immoweb.be/en/classified/apartment/for-sale/elsene/1050/20812675
https://www.immoweb.be/en/classified/apartment/for-sale/etterbeek/1040/20812944
https://www.immoweb.be/en/classified/apartment/for-sale/sint-katelijne-waver/2860/20810506
https://www.immoweb.be/en/classified/apartment/for-sale/kluizen/9940/20812717
https://www.immoweb.be/en/classified/house/for-sale/nivelles/1400/20778989
https://www.immoweb.be/en/classified/house/for-sale/seraing/4102/20682806
https://www.immoweb.be/en/classified/country-cottage/for-sale/comblain-au-pont/4170/20807477
https://www.immoweb.be/en/classified/house/for-sale/oostrozebeke/8780/20802966
https://www.immoweb.be/en/classified/house/for-sale/seraing-seraing/4100/20805201
https://www.immoweb.be/en/classified/house/for-sale/ans/4430/20806412
https://www.immoweb.be/en/classified/house/for-sale/de-klinge/9170/20805802
https://www.immoweb.be/en/classified/house/for-sale/antwerpen/2020/20804833
https://www.immoweb.be/en/classified/apartment/for-sale/ekeren/2180/20782915
https://www.immoweb.be/en/classified/house/for-sale/blankenberge/8370/20803458
https://www.immoweb.be/en/classified/house/for-sale/melle/9090/20806069
https://www.immoweb.be/en/classified/house/for-sale/attert/6717/20807570
https://www.immoweb.be/en/classified/house/for-sale/tessenderlo-ham/3945/20806037
https://www.immoweb.be/en/classified/villa/for-sale/wemmel/1780/20804823
https://www.immoweb.be/en/classified/mixed-use-building/for-sale/bruxelles/1000/20807466
https://www.immoweb.be/en/classified/mansion/for-sale/gent/9000/20804639
https://www.immoweb.be/en/classified/exceptional-property/for-sale/ixelles/1050/20801846
https://www.immoweb.be/en/classified/house/for-sale/liege/4000/20782617
https://www.immoweb.be/en/classified/house/for-sale/kortrijk/8500/20813316
https://www.immoweb.be/en/classified/house/for-sale/brugge/8200/20813314
https://www.immoweb.be/en/classified/house/for-sale/gistel/8470/20813320
https://www.immoweb.be/en/classified/house/for-sale/antwerpen/2018/20710601
https://www.immoweb.be/en/classified/house/for-sale/zwijnaarde/9052/20813308
https://www.immoweb.be/en/classified/apartment/for-sale/oudenaarde/9700/20813311
https://www.immoweb.be/en/classified/mixed-use-building/for-sale/nivelles/1400/20813307
https://www.immoweb.be/en/classified/apartment/for-sale/oostende/8400/20813306
https://www.immoweb.be/en/classified/house/for-sale/aalst/9300/20813303
https://www.immoweb.be/en/classified/house/for-sale/mons-mesvin/7022/20597587
https://www.immoweb.be/en/classified/house/for-sale/ninove/9400/20813301
https://www.immoweb.be/en/classified/apartment/for-sale/awans/4340/20813300
https://www.immoweb.be/en/classified/house/for-sale/loncin/4431/20813299
https://www.immoweb.be/en/classified/house/for-sale/geraardsbergen/9500/20813298
https://www.immoweb.be/en/classified/house/for-sale/aarschot/3200/20813295
https://www.immoweb.be/en/classified/house/for-sale/tamines/5060/20813286
https://www.immoweb.be/en/classified/house/for-sale/pironchamps/6240/20813273
https://www.immoweb.be/en/classified/villa/for-sale/jemeppe-sur-sambre/5190/20813284
https://www.immoweb.be/en/classified/mansion/for-sale/auvelais/5060/20813278
https://www.immoweb.be/en/classified/mixed-use-building/for-sale/antwerpen/2060/20813285
https://www.immoweb.be/en/classified/villa/for-sale/moignelee/5060/20813277
https://www.immoweb.be/en/classified/mansion/for-sale/falisolle/5060/20813272
https://www.immoweb.be/en/classified/apartment/for-sale/auvelais/5060/20813276
https://www.immoweb.be/en/classified/apartment-block/for-sale/antwerpen/2060/20813270
https://www.immoweb.be/en/classified/other-property/for-sale/auvelais/5060/20813292
https://www.immoweb.be/en/classified/house/for-sale/mons/7030/20813260
https://www.immoweb.be/en/classified/house/for-sale/mons/7030/20813259
https://www.immoweb.be/en/classified/house/for-sale/hoboken/2660/20813256
https://www.immoweb.be/en/classified/new-real-estate-project-houses/for-sale/stekene/9190/20813252
https://www.immoweb.be/en/classified/apartment/for-sale/brugge/8000/20813250
https://www.immoweb.be/en/classified/house/for-sale/somme-leuze/5377/20744920
https://www.immoweb.be/en/classified/house/for-sale/oosterzele/9860/20781730
https://www.immoweb.be/en/classified/house/for-sale/borgerhout/2140/20783619
https://www.immoweb.be/en/classified/house/for-sale/ranst/2520/20782408
https://www.immoweb.be/en/classified/town-house/for-sale/antwerpen/2060/20779929
https://www.immoweb.be/en/classified/house/for-sale/brugge/8000/20778437
https://www.immoweb.be/en/classified/house/for-sale/vilvoorde/1800/20779917
https://www.immoweb.be/en/classified/exceptional-property/for-sale/neufchateau/6840/20475445
https://www.immoweb.be/en/classified/apartment-block/for-sale/gent/9000/20781369
https://www.immoweb.be/en/classified/apartment-block/for-sale/schaerbeek/1030/20779297
https://www.immoweb.be/en/classified/apartment/for-sale/laeken/1020/20815447
https://www.immoweb.be/en/classified/apartment/for-sale/anderlecht/1070/20809843
https://www.immoweb.be/en/classified/ground-floor/for-sale/saint-gilles/1060/20815545
https://www.immoweb.be/en/classified/service-flat/for-sale/arendonk/2370/20759975
https://www.immoweb.be/en/classified/service-flat/for-sale/arendonk/2370/20759949
https://www.immoweb.be/en/classified/apartment/for-sale/vorselaar/2290/20758001
https://www.immoweb.be/en/classified/apartment/for-sale/turnhout/2300/20759993
https://www.immoweb.be/en/classified/apartment/for-sale/deurne/2100/20758464
https://www.immoweb.be/en/classified/apartment/for-sale/mechelen/2800/20758376
https://www.immoweb.be/en/classified/apartment/for-sale/wommelgem/2160/20758506
https://www.immoweb.be/en/classified/apartment/for-sale/sint-niklaas/9100/20687073
https://www.immoweb.be/en/classified/apartment/for-sale/aartselaar/2630/20757445
https://www.immoweb.be/en/classified/house/for-sale/hemiksem/2620/20767943
https://www.immoweb.be/en/classified/house/for-sale/oudenaarde/9700/20768761
https://www.immoweb.be/en/classified/house/for-sale/mortsel/2640/20768406
https://www.immoweb.be/en/classified/house/for-sale/woluwe-saint-pierre/1150/20711725
https://www.immoweb.be/en/classified/mansion/for-sale/antwerpen/2018/20768410
https://www.immoweb.be/en/classified/house/for-sale/ixelles/1050/20741234
https://www.immoweb.be/en/classified/apartment/for-sale/de-panne/8660/20777053
https://www.immoweb.be/en/classified/apartment/for-sale/aartrijke/8211/20777134
https://www.immoweb.be/en/classified/apartment/for-sale/gentbrugge/9050/20807768
https://www.immoweb.be/en/classified/apartment/for-sale/gentbrugge/9050/20807767
https://www.immoweb.be/en/classified/apartment/for-sale/gentbrugge/9050/20807766
https://www.immoweb.be/en/classified/apartment/for-sale/gentbrugge/9050/20807765
https://www.immoweb.be/en/classified/apartment/for-sale/gentbrugge/9050/20807764
https://www.immoweb.be/en/classified/apartment/for-sale/gentbrugge/9050/20807763
https://www.immoweb.be/en/classified/apartment/for-sale/gentbrugge/9050/20807762
https://www.immoweb.be/en/classified/apartment/for-sale/gentbrugge/9050/20807761
https://www.immoweb.be/en/classified/apartment/for-sale/gentbrugge/9050/20807760
https://www.immoweb.be/en/classified/apartment/for-sale/gentbrugge/9050/20807759
https://www.immoweb.be/en/classified/apartment/for-sale/gentbrugge/9050/20807758
https://www.immoweb.be/en/classified/apartment/for-sale/gentbrugge/9050/20807756
https://www.immoweb.be/en/classified/apartment/for-sale/gentbrugge/9050/20807755
https://www.immoweb.be/en/classified/apartment/for-sale/gentbrugge/9050/20807793
https://www.immoweb.be/en/classified/new-real-estate-project-apartments/for-sale/rocourt/4000/20528834
https://www.immoweb.be/en/classified/apartment/for-sale/brussel/1000/20807751
https://www.immoweb.be/en/classified/apartment/for-sale/liege/4000/20805558
https://www.immoweb.be/en/classified/apartment-block/for-sale/saint-gilles/1060/20807749
https://www.immoweb.be/en/classified/apartment-block/for-sale/saint-gilles/1060/20807748
https://www.immoweb.be/en/classified/house/for-sale/hasselt/3500/20807743
https://www.immoweb.be/en/classified/exceptional-property/for-sale/leopoldsburg/3970/20807742
https://www.immoweb.be/en/classified/apartment/for-sale/genk/3600/20807740
https://www.immoweb.be/en/classified/house/for-sale/houthalen-helchteren/3530/20807737
https://www.immoweb.be/en/classified/new-real-estate-project-apartments/for-sale/braine-le-comte/7090/20006066
https://www.immoweb.be/en/classified/new-real-estate-project-apartments/for-sale/braine-le-comte/7090/11456117
https://www.immoweb.be/en/classified/villa/for-sale/wenduine/8420/20807736
https://www.immoweb.be/en/classified/house/for-sale/tubize/1480/20784262
https://www.immoweb.be/en/classified/house/for-sale/menen/8930/20743865
https://www.immoweb.be/en/classified/apartment/for-sale/bruxelles/1210/20807734
https://www.immoweb.be/en/classified/bungalow/for-sale/grez-doiceau-nethen/1390/20807733
https://www.immoweb.be/en/classified/new-real-estate-project-apartments/for-sale/staden/8840/20676146
https://www.immoweb.be/en/classified/new-real-estate-project-apartments/for-sale/bruxelles/1000/20535074
https://www.immoweb.be/en/classified/new-real-estate-project-houses/for-sale/malle/2390/10235414
https://www.immoweb.be/en/classified/new-real-estate-project-houses/for-sale/brasschaat/2930/10915727
https://www.immoweb.be/en/classified/new-real-estate-project-apartments/for-sale/leuven/3000/20556274
https://www.immoweb.be/en/classified/new-real-estate-project-houses/for-sale/chaumont-gistoux/1325/20520869
https://www.immoweb.be/en/classified/new-real-estate-project-houses/for-sale/zwijnaarde/9052/20349177
https://www.immoweb.be/en/classified/new-real-estate-project-apartments/for-sale/saint-josse-ten-noode/1210/20548455
https://www.immoweb.be/en/classified/new-real-estate-project-houses/for-sale/minderhout/2322/20328496
https://www.immoweb.be/en/classified/new-real-estate-project-apartments/for-sale/ukkel/1180/20299095
https://www.immoweb.be/en/classified/new-real-estate-project-apartments/for-sale/waterloo/1410/20628905
https://www.immoweb.be/en/classified/new-real-estate-project-apartments/for-sale/de-panne/8660/20261634
https://www.immoweb.be/en/classified/new-real-estate-project-apartments/for-sale/ixelles/1050/20582728
https://www.immoweb.be/en/classified/new-real-estate-project-houses/for-sale/dilbeek/1700/20138617
https://www.immoweb.be/en/classified/new-real-estate-project-houses/for-sale/bachte-maria-leerne/9800/20659242
https://www.immoweb.be/en/classified/new-real-estate-project-houses/for-sale/gent/9000/20198442
https://www.immoweb.be/en/classified/new-real-estate-project-houses/for-sale/gent/9000/10749945
https://www.immoweb.be/en/classified/new-real-estate-project-houses/for-sale/gent/9000/10310822
https://www.immoweb.be/en/classified/new-real-estate-project-houses/for-sale/gent/9000/10215952
https://www.immoweb.be/en/classified/new-real-estate-project-apartments/for-sale/bierbeek/3360/20121046
https://www.immoweb.be/en/classified/new-real-estate-project-houses/for-sale/gent/9000/20438064
https://www.immoweb.be/en/classified/new-real-estate-project-houses/for-sale/gent/9000/10310821
https://www.immoweb.be/en/classified/new-real-estate-project-houses/for-sale/gent/9000/10199441
https://www.immoweb.be/en/classified/new-real-estate-project-apartments/for-sale/leuven/3000/9979266
https://www.immoweb.be/en/classified/new-real-estate-project-houses/for-sale/lier/2500/20287752
https://www.immoweb.be/en/classified/new-real-estate-project-houses/for-sale/brugge/8000/11197939
https://www.immoweb.be/en/classified/new-real-estate-project-apartments/for-sale/dilbeek/1700/11067357
https://www.immoweb.be/en/classified/new-real-estate-project-apartments/for-sale/jette/1090/20276786
https://www.immoweb.be/en/classified/new-real-estate-project-houses/for-sale/grimbergen/1850/10980264
https://www.immoweb.be/en/classified/new-real-estate-project-houses/for-sale/brecht/2960/20718765
https://www.immoweb.be/en/classified/house/for-sale/appels/9200/20806121
https://www.immoweb.be/en/classified/house/for-sale/donceel/4357/20806117
https://www.immoweb.be/en/classified/house/for-sale/geraardsbergen/9500/20806116
https://www.immoweb.be/en/classified/house/for-sale/schoten/2900/20806115
https://www.immoweb.be/en/classified/apartment/for-sale/anderlecht/1070/20806113
https://www.immoweb.be/en/classified/ground-floor/for-sale/nieuwrode/3221/20806112
https://www.immoweb.be/en/classified/house/for-sale/aarschot/3200/20806111
https://www.immoweb.be/en/classified/house/for-sale/herselt/2230/20781569
https://www.immoweb.be/en/classified/house/for-sale/faimes/4317/20806110
https://www.immoweb.be/en/classified/house/for-sale/wezembeek-oppem/1970/20806107
https://www.immoweb.be/en/classified/apartment/for-sale/anderlecht/1070/20806103
https://www.immoweb.be/en/classified/house/for-sale/bruxelles/1000/20806106
https://www.immoweb.be/en/classified/house/for-sale/schepdaal/1703/20806105
https://www.immoweb.be/en/classified/apartment/for-sale/anderlecht/1070/20806104
https://www.immoweb.be/en/classified/apartment-block/for-sale/borgerhout/2140/11434594
https://www.immoweb.be/en/classified/villa/for-sale/poperinge/8970/20806101
https://www.immoweb.be/en/classified/house/for-sale/faimes/4317/20806098
https://www.immoweb.be/en/classified/apartment/for-sale/liedekerke/1770/20806097
https://www.immoweb.be/en/classified/villa/for-sale/hoevenen/2940/20806092
https://www.immoweb.be/en/classified/house/for-sale/veerle/2431/20806091
https://www.immoweb.be/en/classified/house/for-sale/kerksken-haaltert/9451/20806090
https://www.immoweb.be/en/classified/flat-studio/for-sale/woluwe-st-lambert/1200/20657370
https://www.immoweb.be/en/classified/house/for-sale/eksaarde/9160/20806084
https://www.immoweb.be/en/classified/house/for-sale/eksaarde/9160/20806085
https://www.immoweb.be/en/classified/duplex/for-sale/liege/4000/20806083
https://www.immoweb.be/en/classified/apartment/for-sale/woluwe-saint-pierre/1150/20806071
https://www.immoweb.be/en/classified/house/for-sale/melle/9090/20806069
https://www.immoweb.be/en/classified/villa/for-sale/jabbeke/8490/20789080
https://www.immoweb.be/en/classified/apartment/for-sale/huy/4500/20806067
https://www.immoweb.be/en/classified/villa/for-sale/denderleeuw/9470/20806059
https://www.immoweb.be/en/classified/duplex/for-sale/bertrix/6880/20764132
https://www.immoweb.be/en/classified/bungalow/for-sale/oudenburg/8460/20777923
https://www.immoweb.be/en/classified/duplex/for-sale/gistel/8470/20774055
https://www.immoweb.be/en/classified/house/for-sale/roesbrugge/8972/20695488
https://www.immoweb.be/en/classified/house/for-sale/roesbrugge/8972/20778305
https://www.immoweb.be/en/classified/duplex/for-sale/liege/4000/20746626
https://www.immoweb.be/en/classified/apartment/for-sale/waregem/8793/20673021
https://www.immoweb.be/en/classified/apartment/for-sale/forest/1190/20760917
https://www.immoweb.be/en/classified/apartment/for-sale/bruxelles/1000/20750104
https://www.immoweb.be/en/classified/duplex/for-sale/jette/1090/11311357
https://www.immoweb.be/en/classified/apartment/for-sale/liege/4000/20737707
https://www.immoweb.be/en/classified/house/for-sale/hannut/4280/20681102
https://www.immoweb.be/en/classified/house/for-sale/ninove/9400/20742495
https://www.immoweb.be/en/classified/apartment/for-sale/namur/5100/20733728
https://www.immoweb.be/en/classified/house/for-sale/wavre/1300/20775866
https://www.immoweb.be/en/classified/apartment/for-sale/brussel/1000/20727826
https://www.immoweb.be/en/classified/apartment/for-sale/jette/1090/20779153
https://www.immoweb.be/en/classified/house/for-sale/wichelen/9260/20709712
https://www.immoweb.be/en/classified/house/for-sale/waregem-desselgem/8792/20706307
https://www.immoweb.be/en/classified/apartment/for-sale/antwerpen/2020/20746864
https://www.immoweb.be/en/classified/house/for-sale/aalst/9300/20768265
https://www.immoweb.be/en/classified/apartment/for-sale/laeken/1020/20779971
https://www.immoweb.be/en/classified/apartment/for-sale/forest/1190/20621523
https://www.immoweb.be/en/classified/house/for-sale/ittre/1460/20641322
https://www.immoweb.be/en/classified/apartment/for-sale/embourg/4053/20723214
https://www.immoweb.be/en/classified/house/for-sale/willebroek/2830/20699684
https://www.immoweb.be/en/classified/house/for-sale/rochefort/5580/20596457
https://www.immoweb.be/en/classified/house/for-sale/gent/9000/20779103
https://www.immoweb.be/en/classified/house/for-sale/merelbeke/9820/20722065
https://www.immoweb.be/en/classified/apartment/for-sale/lasne/1380/20765635
https://www.immoweb.be/en/classified/house/for-sale/waregem/8790/20805644
https://www.immoweb.be/en/classified/house/for-sale/overijse/3090/20805642
https://www.immoweb.be/en/classified/house/for-sale/woluwe-saint-pierre/1150/20805640
https://www.immoweb.be/en/classified/new-real-estate-project-apartments/for-sale/veurne/8630/20805638
https://www.immoweb.be/en/classified/apartment/for-sale/liege/4020/20805639
https://www.immoweb.be/en/classified/house/for-sale/beerse/2340/20805636
https://www.immoweb.be/en/classified/house/for-sale/genk/3600/20805635
https://www.immoweb.be/en/classified/apartment/for-sale/saint-josse-ten-noode/1210/20805634
https://www.immoweb.be/en/classified/apartment/for-sale/arlon/6700/20805633
https://www.immoweb.be/en/classified/ground-floor/for-sale/ertvelde/9940/20805632
https://www.immoweb.be/en/classified/house/for-sale/merelbeke/9820/20805631
https://www.immoweb.be/en/classified/house/for-sale/laakdal/2430/20805630
https://www.immoweb.be/en/classified/apartment/for-sale/oostrozebeke/8780/20805628
https://www.immoweb.be/en/classified/new-real-estate-project-apartments/for-sale/waterloo/1410/20805604
https://www.immoweb.be/en/classified/apartment/for-sale/gent/9000/20805606
https://www.immoweb.be/en/classified/apartment/for-sale/gent/9000/20805603
https://www.immoweb.be/en/classified/house/for-sale/gent/9040/20805601
https://www.immoweb.be/en/classified/house/for-sale/laakdal/2430/20805602
https://www.immoweb.be/en/classified/house/for-sale/laakdal/2430/20805599
https://www.immoweb.be/en/classified/new-real-estate-project-apartments/for-sale/antwerpen/2060/20805596
https://www.immoweb.be/en/classified/house/for-sale/laakdal/2430/20805594
https://www.immoweb.be/en/classified/house/for-sale/lembeke/9971/20805592
https://www.immoweb.be/en/classified/house/for-sale/lendelede/8860/20805590
https://www.immoweb.be/en/classified/apartment/for-sale/waregem/8790/20805589
https://www.immoweb.be/en/classified/apartment/for-sale/wemmel/1780/20805591
https://www.immoweb.be/en/classified/apartment/for-sale/koekelare/8680/20805588
https://www.immoweb.be/en/classified/house/for-sale/maldegem/9990/20805586
https://www.immoweb.be/en/classified/house/for-sale/lier/2500/20805585
https://www.immoweb.be/en/classified/new-real-estate-project-apartments/for-sale/brussels/1000/20805579
https://www.immoweb.be/en/classified/house/for-sale/roeselare/8800/20805578
https://www.immoweb.be/en/classified/new-real-estate-project-apartments/for-sale/paliseul/6850/20560589
https://www.immoweb.be/en/classified/new-real-estate-project-apartments/for-sale/jambes/5100/10830096
https://www.immoweb.be/en/classified/new-real-estate-project-apartments/for-sale/ath/7800/10740542
https://www.immoweb.be/en/classified/new-real-estate-project-apartments/for-sale/mons/7000/10740545
https://www.immoweb.be/en/classified/new-real-estate-project-apartments/for-sale/liege/4030/20701972
https://www.immoweb.be/en/classified/new-real-estate-project-apartments/for-sale/zwevegem/8550/10077737
https://www.immoweb.be/en/classified/new-real-estate-project-apartments/for-sale/koekelare/8680/20494159
https://www.immoweb.be/en/classified/new-real-estate-project-apartments/for-sale/ronse/9600/20198446
https://www.immoweb.be/en/classified/new-real-estate-project-apartments/for-sale/meix-devant-virton/6769/20392555
https://www.immoweb.be/en/classified/new-real-estate-project-apartments/for-sale/liege/4000/10541515
https://www.immoweb.be/en/classified/new-real-estate-project-apartments/for-sale/bray/7130/20566048
https://www.immoweb.be/en/classified/new-real-estate-project-apartments/for-sale/chiny-jamoigne/6810/20293608
https://www.immoweb.be/en/classified/new-real-estate-project-apartments/for-sale/blankenberge/8370/11060546
https://www.immoweb.be/en/classified/new-real-estate-project-apartments/for-sale/tournai/7500/10740548
https://www.immoweb.be/en/classified/new-real-estate-project-apartments/for-sale/fleurus/6220/11325796
https://www.immoweb.be/en/classified/new-real-estate-project-apartments/for-sale/oostende/8400/20306111
https://www.immoweb.be/en/classified/new-real-estate-project-apartments/for-sale/oostende/8400/11236099
https://www.immoweb.be/en/classified/new-real-estate-project-apartments/for-sale/lummen/3560/11126414
https://www.immoweb.be/en/classified/new-real-estate-project-apartments/for-sale/brugelette/7940/20582424
https://www.immoweb.be/en/classified/new-real-estate-project-apartments/for-sale/schoppach/6700/20578140
https://www.immoweb.be/en/classified/new-real-estate-project-apartments/for-sale/fleurus/6220/11325797
https://www.immoweb.be/en/classified/ground-floor/for-sale/herzele/9550/20595436
https://www.immoweb.be/en/classified/new-real-estate-project-apartments/for-sale/forest/1190/20689263
https://www.immoweb.be/en/classified/new-real-estate-project-apartments/for-sale/forest/1190/20446159
https://www.immoweb.be/en/classified/new-real-estate-project-apartments/for-sale/mortsel/2640/20664409
https://www.immoweb.be/en/classified/new-real-estate-project-apartments/for-sale/habay-la-neuve/6720/20392944
https://www.immoweb.be/en/classified/new-real-estate-project-apartments/for-sale/roeselare/8800/10741131
https://www.immoweb.be/en/classified/new-real-estate-project-apartments/for-sale/arlon/6700/20195522
https://www.immoweb.be/en/classified/new-real-estate-project-apartments/for-sale/merelbeke/9820/20701737
https://www.immoweb.be/en/classified/new-real-estate-project-apartments/for-sale/desselgem/8792/10107991
https://www.immoweb.be/en/classified/apartment/for-sale/helchteren/3530/20807666
https://www.immoweb.be/en/classified/apartment/for-sale/helchteren/3530/20807665
https://www.immoweb.be/en/classified/apartment/for-sale/zonhoven/3520/20807664
https://www.immoweb.be/en/classified/apartment/for-sale/zonhoven/3520/20807663
https://www.immoweb.be/en/classified/house/for-sale/maasmechelen/3630/20807661
https://www.immoweb.be/en/classified/house/for-sale/eugies/7080/20699866
https://www.immoweb.be/en/classified/house/for-sale/turnhout/2300/20807654
https://www.immoweb.be/en/classified/house/for-sale/lier/2500/20807653
https://www.immoweb.be/en/classified/mixed-use-building/for-sale/desselgem/8792/20807650
https://www.immoweb.be/en/classified/house/for-sale/heverlee/3001/20807648
https://www.immoweb.be/en/classified/house/for-sale/oud-heverlee/3050/20807647
https://www.immoweb.be/en/classified/mixed-use-building/for-sale/tubize/1480/20807646
https://www.immoweb.be/en/classified/house/for-sale/oud-heverlee/3050/20807645
https://www.immoweb.be/en/classified/house/for-sale/oud-heverlee/3050/20807644
https://www.immoweb.be/en/classified/house/for-sale/oud-heverlee/3050/20807643
https://www.immoweb.be/en/classified/ground-floor/for-sale/fleron/4620/20807639
https://www.immoweb.be/en/classified/ground-floor/for-sale/soumagne-ayeneux/4630/20807640
https://www.immoweb.be/en/classified/house/for-sale/elzele/7890/20807637
https://www.immoweb.be/en/classified/apartment/for-sale/zellik/1731/20807636
https://www.immoweb.be/en/classified/apartment/for-sale/asse/1730/20807635
https://www.immoweb.be/en/classified/house/for-sale/beerse/2340/20807627
https://www.immoweb.be/en/classified/mansion/for-sale/begijnendijk/3130/20807624
https://www.immoweb.be/en/classified/villa/for-sale/begijnendijk/3130/20807625
https://www.immoweb.be/en/classified/house/for-sale/begijnendijk/3130/20807626
https://www.immoweb.be/en/classified/house/for-sale/la-hulpe/1310/20807617
https://www.immoweb.be/en/classified/house/for-sale/meise/1860/20793270
https://www.immoweb.be/en/classified/apartment/for-sale/antwerpen/2060/20807605
https://www.immoweb.be/en/classified/apartment/for-sale/geraardsbergen/9500/20807594
https://www.immoweb.be/en/classified/apartment/for-sale/jette/1090/20754429
https://www.immoweb.be/en/classified/house/for-sale/geel/2440/20807590
https://www.immoweb.be/en/classified/loft/for-sale/anderlecht/1070/20790207
https://www.immoweb.be/en/classified/house/for-sale/bonheiden/2820/20711724
https://www.immoweb.be/en/classified/house/for-sale/lier/2500/20515197
https://www.immoweb.be/en/classified/house/for-sale/onze-lieve-vrouw-waver/2861/20622859
https://www.immoweb.be/en/classified/apartment-block/for-sale/uccle/1180/11479805
https://www.immoweb.be/en/classified/apartment-block/for-sale/etterbeek/1040/20577692
https://www.immoweb.be/en/classified/house/for-sale/habay-la-neuve/6720/20611462
https://www.immoweb.be/en/classified/apartment-block/for-sale/sint-kwintens-lennik/1750/20672791
https://www.immoweb.be/en/classified/penthouse/for-sale/sint-lievens-houtem/9520/20789226
https://www.immoweb.be/en/classified/house/for-sale/sint-martens-lennik/1750/20721218
https://www.immoweb.be/en/classified/house/for-sale/haacht/3150/20677918
https://www.immoweb.be/en/classified/apartment-block/for-sale/lier/2500/20744508
https://www.immoweb.be/en/classified/villa/for-sale/meise/1860/20741375
https://www.immoweb.be/en/classified/loft/for-sale/etterbeek/1040/20787431
https://www.immoweb.be/en/classified/apartment/for-sale/knokke-heist/8300/20787032
https://www.immoweb.be/en/classified/house/for-sale/hoeilaart/1560/20033618
https://www.immoweb.be/en/classified/villa/for-sale/knokke-zoute/8300/11369256
https://www.immoweb.be/en/classified/house/for-sale/durbuy/6940/20717660
https://www.immoweb.be/en/classified/house/for-sale/durbuy/6940/20715987
https://www.immoweb.be/en/classified/house/for-sale/sint-lievens-houtem/9520/20777638
https://www.immoweb.be/en/classified/house/for-sale/tienen/3300/20803613
https://www.immoweb.be/en/classified/house/for-sale/sterrebeek/1933/20801493
https://www.immoweb.be/en/classified/house/for-sale/aalst/9300/20692048
https://www.immoweb.be/en/classified/house/for-sale/huy/4500/20805651
https://www.immoweb.be/en/classified/house/for-sale/wolvertem/1861/20759474
https://www.immoweb.be/en/classified/house/for-sale/merksem/2170/20807724
https://www.immoweb.be/en/classified/apartment-block/for-sale/liege/4020/20807427
https://www.immoweb.be/en/classified/house/for-sale/halle/1500/20804750
https://www.immoweb.be/en/classified/house/for-sale/aalst-herdersem/9300/20803239
https://www.immoweb.be/en/classified/villa/for-sale/everberg/3078/20804450
https://www.immoweb.be/en/classified/house/for-sale/mouscron/7700/20805357
https://www.immoweb.be/en/classified/apartment/for-sale/charleroi/6001/20805356
https://www.immoweb.be/en/classified/house/for-sale/sint-denijs/8554/20805355
https://www.immoweb.be/en/classified/penthouse/for-sale/antwerpen/2060/20805353
https://www.immoweb.be/en/classified/house/for-sale/westerlo/2260/20805352
https://www.immoweb.be/en/classified/house/for-sale/westerlo/2260/20805351
https://www.immoweb.be/en/classified/apartment-block/for-sale/leuven/3000/20805350
https://www.immoweb.be/en/classified/new-real-estate-project-apartments/for-sale/berchem-sainte-agathe/1082/20805319
https://www.immoweb.be/en/classified/mixed-use-building/for-sale/mol/2400/20805306
https://www.immoweb.be/en/classified/mixed-use-building/for-sale/wezembeek-oppem/1970/20805303
https://www.immoweb.be/en/classified/new-real-estate-project-houses/for-sale/bornem/2880/11010094
https://www.immoweb.be/en/classified/new-real-estate-project-apartments/for-sale/bornem/2880/11010100
https://www.immoweb.be/en/classified/house/for-sale/bruxelles/1000/20805299
https://www.immoweb.be/en/classified/house/for-sale/wevelgem/8560/20805296
https://www.immoweb.be/en/classified/house/for-sale/jumet/6040/20805294
https://www.immoweb.be/en/classified/house/for-sale/bouffioulx/6200/20757912
https://www.immoweb.be/en/classified/house/for-sale/herzele/9550/20805291
https://www.immoweb.be/en/classified/new-real-estate-project-apartments/for-sale/waterloo/1410/20805248
https://www.immoweb.be/en/classified/apartment/for-sale/wilrijk/2610/20805243
https://www.immoweb.be/en/classified/house/for-sale/bertrix/6880/20805242
https://www.immoweb.be/en/classified/house/for-sale/bruxelles/1050/20805241
https://www.immoweb.be/en/classified/house/for-sale/terhagen/2840/20805240
https://www.immoweb.be/en/classified/house/for-sale/wilrijk/2610/20805239
https://www.immoweb.be/en/classified/duplex/for-sale/wilrijk/2610/20805238
https://www.immoweb.be/en/classified/house/for-sale/oostakker/9041/20805237
https://www.immoweb.be/en/classified/apartment/for-sale/antwerpen/2000/20500856
https://www.immoweb.be/en/classified/house/for-sale/couillet/6010/20805234
https://www.immoweb.be/en/classified/house/for-sale/hamme/9220/20805226
https://www.immoweb.be/en/classified/house/for-sale/romsee/4624/20805223
https://www.immoweb.be/en/classified/house/for-sale/jodoigne/1370/20805221
https://www.immoweb.be/en/classified/house/for-sale/faimes/4317/20681330
https://www.immoweb.be/en/classified/house/for-sale/oosterzele/9860/20583597
https://www.immoweb.be/en/classified/house/for-sale/gent/9000/20743548
https://www.immoweb.be/en/classified/apartment/for-sale/bruxelles/1000/20592745
https://www.immoweb.be/en/classified/apartment/for-sale/uccle/1180/20765040
https://www.immoweb.be/en/classified/apartment/for-sale/brussels/1000/20762930
https://www.immoweb.be/en/classified/house/for-sale/liege/4000/20685473
https://www.immoweb.be/en/classified/apartment/for-sale/bruxelles/1000/20720400
https://www.immoweb.be/en/classified/apartment/for-sale/schaerbeek/1030/20779847
https://www.immoweb.be/en/classified/house/for-sale/sint-jans-molenbeek/1080/20534057
https://www.immoweb.be/en/classified/house/for-sale/ellezelles/7890/20747213
https://www.immoweb.be/en/classified/house/for-sale/pepinster/4861/20747849
https://www.immoweb.be/en/classified/new-real-estate-project-houses/for-sale/heist-op-den-berg/2220/20814280
https://www.immoweb.be/en/classified/house/for-sale/heuvelland/8950/20728193
https://www.immoweb.be/en/classified/apartment/for-sale/bruxelles/1000/20725060
https://www.immoweb.be/en/classified/penthouse/for-sale/evere/1140/20654062
https://www.immoweb.be/en/classified/apartment/for-sale/etterbeek/1040/20747292
https://www.immoweb.be/en/classified/house/for-sale/machelen/1831/20596149
https://www.immoweb.be/en/classified/apartment-block/for-sale/anhee/5537/20780163
https://www.immoweb.be/en/classified/house/for-sale/erpe-mere/9420/20583935
https://www.immoweb.be/en/classified/house/for-sale/soumagne/4630/20741643
https://www.immoweb.be/en/classified/apartment/for-sale/schaerbeek/1030/20767242
https://www.immoweb.be/en/classified/house/for-sale/antwerpen/2610/20564792
https://www.immoweb.be/en/classified/apartment-block/for-sale/diegem/1831/20769191
https://www.immoweb.be/en/classified/house/for-sale/thimister-clermont/4890/20740678
https://www.immoweb.be/en/classified/penthouse/for-sale/woluwe-saint-lambert/1200/20446063
https://www.immoweb.be/en/classified/town-house/for-sale/sint-pieters-woluwe/1150/20746697
https://www.immoweb.be/en/classified/duplex/for-sale/bruxelles/1000/20736648
https://www.immoweb.be/en/classified/house/for-sale/woluwe-saint-pierre/1150/20735898
https://www.immoweb.be/en/classified/apartment/for-sale/uccle/1180/20756524
https://www.immoweb.be/en/classified/apartment/for-sale/koekelare/8680/20805576
https://www.immoweb.be/en/classified/house/for-sale/kortenberg/3070/20805575
https://www.immoweb.be/en/classified/house/for-sale/zulte/9870/20664822
https://www.immoweb.be/en/classified/house/for-sale/slijpe/8433/20805572
https://www.immoweb.be/en/classified/apartment/for-sale/deurne/2100/20805570
https://www.immoweb.be/en/classified/house/for-sale/scherpenheuvel-zichem-testelt/3272/20805567
https://www.immoweb.be/en/classified/house/for-sale/kapelle-op-den-bos/1880/20805566
https://www.immoweb.be/en/classified/apartment/for-sale/bredene/8450/20805565
https://www.immoweb.be/en/classified/apartment/for-sale/auvelais/5060/20805564
https://www.immoweb.be/en/classified/house/for-sale/ichtegem/8480/20805562
https://www.immoweb.be/en/classified/apartment-block/for-sale/gent/9000/20805560
https://www.immoweb.be/en/classified/flat-studio/for-sale/oostende/8400/20805557
https://www.immoweb.be/en/classified/villa/for-sale/rotselaar/3110/20805555
https://www.immoweb.be/en/classified/villa/for-sale/werchter/3118/20805554
https://www.immoweb.be/en/classified/house/for-sale/schaerbeek/1030/20805551
https://www.immoweb.be/en/classified/loft/for-sale/anderlecht/1070/20805550
https://www.immoweb.be/en/classified/house/for-sale/wuustwezel/2990/20805546
https://www.immoweb.be/en/classified/house/for-sale/galmaarden/1570/20805545
https://www.immoweb.be/en/classified/house/for-sale/werken/8610/20805543
https://www.immoweb.be/en/classified/apartment-block/for-sale/lier/2500/20805542
https://www.immoweb.be/en/classified/apartment/for-sale/ixelles/1050/20805540
https://www.immoweb.be/en/classified/house/for-sale/grimbergen/1850/20805539
https://www.immoweb.be/en/classified/mansion/for-sale/bruxelles/1040/20805535
https://www.immoweb.be/en/classified/apartment-block/for-sale/vilvoorde/1800/20805534
https://www.immoweb.be/en/classified/apartment-block/for-sale/deurne/2100/20805533
https://www.immoweb.be/en/classified/new-real-estate-project-houses/for-sale/kortrijk/8500/20805523
https://www.immoweb.be/en/classified/house/for-sale/la-calamine/4728/20805522
https://www.immoweb.be/en/classified/house/for-sale/lambusart/6220/20805519
https://www.immoweb.be/en/classified/house/for-sale/lambusart/6220/20805517
https://www.immoweb.be/en/classified/house/for-sale/seraing/4100/20805515
https://www.immoweb.be/en/classified/apartment/for-sale/oostende/8400/20817872
https://www.immoweb.be/en/classified/duplex/for-sale/berchem/2600/20818574
https://www.immoweb.be/en/classified/apartment/for-sale/middelkerke/8430/20818559
https://www.immoweb.be/en/classified/house/for-sale/verviers/4800/20720081
https://www.immoweb.be/en/classified/house/for-sale/oupeye/4680/20774908
https://www.immoweb.be/en/classified/house/for-sale/orp-le-grand/1350/20809047
https://www.immoweb.be/en/classified/house/for-sale/olne/4877/20764348
https://www.immoweb.be/en/classified/apartment/for-sale/hoevenen/2940/20737988
https://www.immoweb.be/en/classified/house/for-sale/sint-gillis-waas-de-klinge/9170/20812281
https://www.immoweb.be/en/classified/apartment/for-sale/bruxelles/1000/20817273
https://www.immoweb.be/en/classified/house/for-sale/leeuw-saint-pierre/1600/20814965
https://www.immoweb.be/en/classified/house/for-sale/roeselare/8800/20811030
https://www.immoweb.be/en/classified/house/for-sale/westerlo/2260/20812591
https://www.immoweb.be/en/classified/house/for-sale/harelbeke/8530/20794898
https://www.immoweb.be/en/classified/apartment/for-sale/borgerhout/2140/20794081
https://www.immoweb.be/en/classified/apartment/for-sale/schaerbeek/1030/20789860
https://www.immoweb.be/en/classified/apartment/for-sale/saint-ghislain/7330/20776035
https://www.immoweb.be/en/classified/house/for-sale/ekeren/2180/20794484
https://www.immoweb.be/en/classified/apartment/for-sale/nivelles/1400/20789131
https://www.immoweb.be/en/classified/house/for-sale/zwalm/9630/20790220
https://www.immoweb.be/en/classified/apartment/for-sale/evere/1140/20789925
https://www.immoweb.be/en/classified/house/for-sale/willebroek/2830/20792089
https://www.immoweb.be/en/classified/house/for-sale/borgerhout/2140/20793607
https://www.immoweb.be/en/classified/house/for-sale/izegem/8870/20789558
https://www.immoweb.be/en/classified/ground-floor/for-sale/lier/2500/20792763
https://www.immoweb.be/en/classified/ground-floor/for-sale/lier/2500/20792761
https://www.immoweb.be/en/classified/house/for-sale/kallo/9120/20791799
https://www.immoweb.be/en/classified/ground-floor/for-sale/woluwe-saint-pierre/1150/20792331
https://www.immoweb.be/en/classified/house/for-sale/vorselaar/2290/20792157
https://www.immoweb.be/en/classified/apartment-block/for-sale/ans/4430/20794644
https://www.immoweb.be/en/classified/apartment/for-sale/antwerpen/2170/20796020
https://www.immoweb.be/en/classified/apartment/for-sale/wilrijk/2610/20810325
https://www.immoweb.be/en/classified/house/for-sale/trivieres/7100/20812555
https://www.immoweb.be/en/classified/house/for-sale/couillet/6010/20812554
https://www.immoweb.be/en/classified/house/for-sale/stabroek/2940/20812553
https://www.immoweb.be/en/classified/house/for-sale/wilrijk/2610/20812552
https://www.immoweb.be/en/classified/exceptional-property/for-sale/mechelen/2800/20812550
https://www.immoweb.be/en/classified/house/for-sale/mechelen/2800/20812549
https://www.immoweb.be/en/classified/house/for-sale/mechelen/2800/20812548
https://www.immoweb.be/en/classified/apartment/for-sale/deurne/2100/20812545
https://www.immoweb.be/en/classified/house/for-sale/affligem/1790/20812543
https://www.immoweb.be/en/classified/house/for-sale/sint-pauwels/9170/20812542
https://www.immoweb.be/en/classified/house/for-sale/sint-niklaas/9100/20812541
https://www.immoweb.be/en/classified/house/for-sale/herent/3020/20796638
https://www.immoweb.be/en/classified/house/for-sale/tielt-winge/3390/20796933
https://www.immoweb.be/en/classified/apartment/for-sale/boortmeerbeek/3190/20797257
https://www.immoweb.be/en/classified/ground-floor/for-sale/burcht/2070/20812539
https://www.immoweb.be/en/classified/apartment-block/for-sale/burcht/2070/20812540
https://www.immoweb.be/en/classified/ground-floor/for-sale/boom/2850/20812538
https://www.immoweb.be/en/classified/house/for-sale/zottegem/9620/20812536
https://www.immoweb.be/en/classified/house/for-sale/ninove/9400/20812537
https://www.immoweb.be/en/classified/house/for-sale/wemmel/1780/20812535
https://www.immoweb.be/en/classified/apartment/for-sale/aalst/9300/20812533
https://www.immoweb.be/en/classified/town-house/for-sale/haaltert/9450/20812534
https://www.immoweb.be/en/classified/house/for-sale/stabroek/2940/20812532
https://www.immoweb.be/en/classified/house/for-sale/asse/1730/20812529
https://www.immoweb.be/en/classified/apartment-block/for-sale/hasselt/3500/20812528
https://www.immoweb.be/en/classified/house/for-sale/westerlo/2260/20812526
https://www.immoweb.be/en/classified/house/for-sale/westerlo/2260/20812525
https://www.immoweb.be/en/classified/apartment/for-sale/liege/4000/20812519
https://www.immoweb.be/en/classified/new-real-estate-project-houses/for-sale/ichtegem/8480/20484187
https://www.immoweb.be/en/classified/new-real-estate-project-apartments/for-sale/sint-genesius-rode/1640/20176294
https://www.immoweb.be/en/classified/new-real-estate-project-apartments/for-sale/tervuren/3080/10147124
https://www.immoweb.be/en/classified/new-real-estate-project-houses/for-sale/herzele/9550/20488453
https://www.immoweb.be/en/classified/new-real-estate-project-houses/for-sale/zarren/8610/20432877
https://www.immoweb.be/en/classified/new-real-estate-project-houses/for-sale/wevelgem/8560/20300027
https://www.immoweb.be/en/classified/new-real-estate-project-houses/for-sale/deerlijk/8540/20157911
https://www.immoweb.be/en/classified/new-real-estate-project-houses/for-sale/bellecourt/7170/9564541
https://www.immoweb.be/en/classified/new-real-estate-project-houses/for-sale/evergem/9940/11005798
https://www.immoweb.be/en/classified/new-real-estate-project-apartments/for-sale/vilvoorde/1800/20378904
https://www.immoweb.be/en/classified/new-real-estate-project-apartments/for-sale/brasschaat/2930/11276025
https://www.immoweb.be/en/classified/new-real-estate-project-apartments/for-sale/brussel/1000/20026090
https://www.immoweb.be/en/classified/new-real-estate-project-houses/for-sale/seneffe/7180/20448073
https://www.immoweb.be/en/classified/new-real-estate-project-houses/for-sale/varsenare/8490/20633529
https://www.immoweb.be/en/classified/new-real-estate-project-apartments/for-sale/kuurne/8520/20504515
https://www.immoweb.be/en/classified/new-real-estate-project-houses/for-sale/klein-sinaai-kern/9190/20322884
https://www.immoweb.be/en/classified/new-real-estate-project-houses/for-sale/jodoigne/1370/10731403
https://www.immoweb.be/en/classified/new-real-estate-project-apartments/for-sale/aalst/9300/20706233
https://www.immoweb.be/en/classified/new-real-estate-project-houses/for-sale/hertsberge/8020/20535174
https://www.immoweb.be/en/classified/new-real-estate-project-houses/for-sale/westerlo/2260/20667733
https://www.immoweb.be/en/classified/new-real-estate-project-apartments/for-sale/lier/2500/20604869
https://www.immoweb.be/en/classified/new-real-estate-project-apartments/for-sale/oostkamp/8020/20124881
https://www.immoweb.be/en/classified/new-real-estate-project-apartments/for-sale/sijsele/8340/10548656
https://www.immoweb.be/en/classified/new-real-estate-project-apartments/for-sale/middelkerke/8430/20337491
https://www.immoweb.be/en/classified/new-real-estate-project-houses/for-sale/gistel/8470/20288657
https://www.immoweb.be/en/classified/new-real-estate-project-apartments/for-sale/vilvoorde/1800/20663506
https://www.immoweb.be/en/classified/new-real-estate-project-houses/for-sale/maaseik/3680/10388047
https://www.immoweb.be/en/classified/new-real-estate-project-apartments/for-sale/sint-stevens-woluwe/1932/20711949
https://www.immoweb.be/en/classified/new-real-estate-project-houses/for-sale/wingene/8750/20372354
https://www.immoweb.be/en/classified/new-real-estate-project-houses/for-sale/oetingen/1755/20742990
https://www.immoweb.be/en/classified/house/for-sale/antwerpen/2000/20806644
https://www.immoweb.be/en/classified/house/for-sale/aalst/9310/20806643
https://www.immoweb.be/en/classified/house/for-sale/dendermonde-baasrode/9200/20806642
https://www.immoweb.be/en/classified/house/for-sale/sint-truiden/3800/20806641
https://www.immoweb.be/en/classified/apartment/for-sale/zele/9240/20466419
https://www.immoweb.be/en/classified/apartment/for-sale/oostduinkerke/8670/20806634
https://www.immoweb.be/en/classified/house/for-sale/tongeren/3700/20806632
https://www.immoweb.be/en/classified/service-flat/for-sale/heverlee/3001/20806628
https://www.immoweb.be/en/classified/villa/for-sale/sint-idesbald/8670/20806627
https://www.immoweb.be/en/classified/mansion/for-sale/aalst/9300/20806625
https://www.immoweb.be/en/classified/apartment/for-sale/woluwe-saint-lambert/1200/20806623
https://www.immoweb.be/en/classified/apartment/for-sale/zaventem-sint-stevens-woluwe/1932/20806622
https://www.immoweb.be/en/classified/apartment/for-sale/begijnendijk/3130/20806633
https://www.immoweb.be/en/classified/apartment/for-sale/hoboken/2660/20517125
https://www.immoweb.be/en/classified/villa/for-sale/hasselt/3500/20806619
https://www.immoweb.be/en/classified/penthouse/for-sale/antwerpen/2000/20806618
https://www.immoweb.be/en/classified/house/for-sale/antwerpen/2000/20806617
https://www.immoweb.be/en/classified/apartment/for-sale/oostduinkerke/8670/20806616
https://www.immoweb.be/en/classified/new-real-estate-project-apartments/for-sale/grembergen/9200/20126848
https://www.immoweb.be/en/classified/house/for-sale/puurs-sint-amands/2870/20806614
https://www.immoweb.be/en/classified/mixed-use-building/for-sale/antwerpen/2000/20806612
https://www.immoweb.be/en/classified/house/for-sale/namur/5000/20806610
https://www.immoweb.be/en/classified/apartment/for-sale/hoboken/2660/20498535
https://www.immoweb.be/en/classified/villa/for-sale/willebroek/2830/20806608
https://www.immoweb.be/en/classified/villa/for-sale/nechin/7730/20640083
https://www.immoweb.be/en/classified/house/for-sale/westende/8434/20806607
https://www.immoweb.be/en/classified/duplex/for-sale/bruxelles/1000/20806605
https://www.immoweb.be/en/classified/house/for-sale/soumagne/4630/20709725
https://www.immoweb.be/en/classified/bungalow/for-sale/oupeye/4680/20803404
https://www.immoweb.be/en/classified/house/for-sale/herstal/4040/20747760
https://www.immoweb.be/en/classified/new-real-estate-project-houses/for-sale/lebbeke/9280/20685883
https://www.immoweb.be/en/classified/new-real-estate-project-apartments/for-sale/ixelles/1050/20619464
https://www.immoweb.be/en/classified/new-real-estate-project-houses/for-sale/mortsel/2640/20694321
https://www.immoweb.be/en/classified/new-real-estate-project-houses/for-sale/mortsel/2640/20664426
https://www.immoweb.be/en/classified/new-real-estate-project-houses/for-sale/hooglede/8830/20532255
https://www.immoweb.be/en/classified/new-real-estate-project-houses/for-sale/egem/8740/20525886
https://www.immoweb.be/en/classified/new-real-estate-project-houses/for-sale/eeklo/9900/20436165
https://www.immoweb.be/en/classified/new-real-estate-project-houses/for-sale/sint-lambrechts-herk/3500/20658714
https://www.immoweb.be/en/classified/new-real-estate-project-houses/for-sale/tielt-8700/8700/20459401
https://www.immoweb.be/en/classified/new-real-estate-project-apartments/for-sale/zedelgem/8210/20430840
https://www.immoweb.be/en/classified/new-real-estate-project-houses/for-sale/blankenberge/8370/11463666
https://www.immoweb.be/en/classified/new-real-estate-project-houses/for-sale/oetingen/1755/20742887
https://www.immoweb.be/en/classified/new-real-estate-project-houses/for-sale/oostkamp/8020/20033914
https://www.immoweb.be/en/classified/new-real-estate-project-houses/for-sale/marke/8510/11017104
https://www.immoweb.be/en/classified/new-real-estate-project-houses/for-sale/zele/9240/11256998
https://www.immoweb.be/en/classified/new-real-estate-project-apartments/for-sale/namur/5000/20230590
https://www.immoweb.be/en/classified/new-real-estate-project-houses/for-sale/belgrade/5001/20622358
https://www.immoweb.be/en/classified/new-real-estate-project-apartments/for-sale/brugge/8000/20370258
https://www.immoweb.be/en/classified/new-real-estate-project-apartments/for-sale/koksijde/8670/20122690
https://www.immoweb.be/en/classified/new-real-estate-project-houses/for-sale/merendree/9850/20721307
https://www.immoweb.be/en/classified/new-real-estate-project-houses/for-sale/puurs/2870/11393596
https://www.immoweb.be/en/classified/new-real-estate-project-houses/for-sale/waardamme/8020/20721913
https://www.immoweb.be/en/classified/new-real-estate-project-houses/for-sale/serskamp/9260/20738942
https://www.immoweb.be/en/classified/new-real-estate-project-houses/for-sale/evergem/9940/10875548
https://www.immoweb.be/en/classified/new-real-estate-project-houses/for-sale/willebroek/2830/20685412
https://www.immoweb.be/en/classified/new-real-estate-project-houses/for-sale/astene/9800/10740900
https://www.immoweb.be/en/classified/new-real-estate-project-houses/for-sale/ranst-broechem/2520/10739253
https://www.immoweb.be/en/classified/new-real-estate-project-apartments/for-sale/antwerpen/2018/10451398
https://www.immoweb.be/en/classified/new-real-estate-project-apartments/for-sale/brussel/1000/20026110
https://www.immoweb.be/en/classified/new-real-estate-project-apartments/for-sale/jodoigne/1370/20059320
https://www.immoweb.be/en/classified/new-real-estate-project-apartments/for-sale/forest/1190/20806434
https://www.immoweb.be/en/classified/mixed-use-building/for-sale/roosdaal/1760/20806428
https://www.immoweb.be/en/classified/house/for-sale/roosdaal/1760/20707343
https://www.immoweb.be/en/classified/house/for-sale/la-roche-en-ardenne/6980/20598191
https://www.immoweb.be/en/classified/house/for-sale/roesbrugge-haringe/8972/20806426
https://www.immoweb.be/en/classified/house/for-sale/doische/5680/20806425
https://www.immoweb.be/en/classified/house/for-sale/herderen/3770/20806423
https://www.immoweb.be/en/classified/house/for-sale/aalst/9308/20480070
https://www.immoweb.be/en/classified/house/for-sale/liege-chenee/4032/20806418
https://www.immoweb.be/en/classified/house/for-sale/farciennes-pironchamps/6240/20806413
https://www.immoweb.be/en/classified/house/for-sale/ans/4430/20806412
https://www.immoweb.be/en/classified/house/for-sale/vielsalm/6690/20806411
https://www.immoweb.be/en/classified/apartment/for-sale/antwerpen/2020/20806409
https://www.immoweb.be/en/classified/apartment/for-sale/aalst/9300/20806407
https://www.immoweb.be/en/classified/house/for-sale/maldegem/9990/20806405
https://www.immoweb.be/en/classified/house/for-sale/beveren/9120/20721594
https://www.immoweb.be/en/classified/duplex/for-sale/wavre/1300/20806400
https://www.immoweb.be/en/classified/ground-floor/for-sale/wavre/1300/20806398
https://www.immoweb.be/en/classified/new-real-estate-project-apartments/for-sale/wavre/1300/20806381
https://www.immoweb.be/en/classified/villa/for-sale/mol/2400/20806380
https://www.immoweb.be/en/classified/apartment/for-sale/andenne-maizeret/5300/20806379
https://www.immoweb.be/en/classified/duplex/for-sale/uccle/1180/20806377
https://www.immoweb.be/en/classified/apartment/for-sale/uccle/1180/20806378
https://www.immoweb.be/en/classified/apartment/for-sale/uccle/1180/20806376
https://www.immoweb.be/en/classified/apartment/for-sale/antwerpen/2000/20806372
https://www.immoweb.be/en/classified/apartment/for-sale/brasschaat/2930/20806371
https://www.immoweb.be/en/classified/house/for-sale/weelde/2381/20806370
https://www.immoweb.be/en/classified/mixed-use-building/for-sale/anderlecht/1070/11437670
https://www.immoweb.be/en/classified/apartment/for-sale/evere/1140/20806369
https://www.immoweb.be/en/classified/ground-floor/for-sale/auderghem/1160/11441590
https://www.immoweb.be/en/classified/house/for-sale/herk-de-stad/3540/20803554
https://www.immoweb.be/en/classified/apartment/for-sale/oostende/8400/20799621
https://www.immoweb.be/en/classified/house/for-sale/outer/9400/20803201
https://www.immoweb.be/en/classified/house/for-sale/oostduinkerke/8670/20804038
https://www.immoweb.be/en/classified/villa/for-sale/wommelgem/2160/20805194
https://www.immoweb.be/en/classified/house/for-sale/ciney/5590/20785109
https://www.immoweb.be/en/classified/house/for-sale/bievre/5555/20784069
https://www.immoweb.be/en/classified/house/for-sale/schoten/2900/20787853
https://www.immoweb.be/en/classified/villa/for-sale/mechelen/2800/20786952
https://www.immoweb.be/en/classified/apartment/for-sale/anderlecht/1070/20817491
https://www.immoweb.be/en/classified/apartment/for-sale/evere/1140/20816922
https://www.immoweb.be/en/classified/apartment/for-sale/mechelen/2800/20770753
https://www.immoweb.be/en/classified/apartment/for-sale/forest/1190/20817462
https://www.immoweb.be/en/classified/house/for-sale/jemeppe-sur-meuse/4101/20818390
https://www.immoweb.be/en/classified/apartment/for-sale/borgerhout/2140/20794079
https://www.immoweb.be/en/classified/villa/for-sale/dinant/5500/20817427
https://www.immoweb.be/en/classified/apartment/for-sale/kruibeke/9150/20794862
https://www.immoweb.be/en/classified/apartment/for-sale/nieuwpoort/8620/20789037
https://www.immoweb.be/en/classified/house/for-sale/zaventem/1930/20818560
https://www.immoweb.be/en/classified/house/for-sale/stabroek/2940/20818173
https://www.immoweb.be/en/classified/apartment/for-sale/gent/9000/20789612
https://www.immoweb.be/en/classified/apartment/for-sale/antwerpen/2020/20793202
https://www.immoweb.be/en/classified/house/for-sale/gent/9000/20816974
https://www.immoweb.be/en/classified/villa/for-sale/wilrijk/2610/20818459
https://www.immoweb.be/en/classified/villa/for-sale/deurle/9831/20818708
https://www.immoweb.be/en/classified/house/for-sale/wenduine/8420/20799459
https://www.immoweb.be/en/classified/apartment/for-sale/juprelle/4450/20810243
https://www.immoweb.be/en/classified/apartment/for-sale/tielt/8700/20811991
https://www.immoweb.be/en/classified/ground-floor/for-sale/auderghem/1160/20810415
https://www.immoweb.be/en/classified/apartment/for-sale/etterbeek/1040/20812169
https://www.immoweb.be/en/classified/duplex/for-sale/liedekerke/1770/20813765
https://www.immoweb.be/en/classified/apartment/for-sale/koksijde/8670/20813758
https://www.immoweb.be/en/classified/service-flat/for-sale/knokke-heist/8300/20813764
https://www.immoweb.be/en/classified/apartment/for-sale/nieuwpoort/8620/20813756
https://www.immoweb.be/en/classified/mixed-use-building/for-sale/haine-saint-pierre/7100/20813749
https://www.immoweb.be/en/classified/apartment/for-sale/haine-saint-pierre/7100/20813750
https://www.immoweb.be/en/classified/apartment/for-sale/gent/9000/20813742
https://www.immoweb.be/en/classified/apartment/for-sale/gent/9000/20813743
https://www.immoweb.be/en/classified/apartment/for-sale/gent/9000/20813741
https://www.immoweb.be/en/classified/apartment/for-sale/gent/9051/20813746
https://www.immoweb.be/en/classified/new-real-estate-project-apartments/for-sale/gent/9000/20813739
https://www.immoweb.be/en/classified/apartment/for-sale/gent/9051/20813752
https://www.immoweb.be/en/classified/apartment/for-sale/gent/9000/20813737
https://www.immoweb.be/en/classified/new-real-estate-project-apartments/for-sale/gent/9051/20813734
https://www.immoweb.be/en/classified/apartment/for-sale/gent/9051/20813732
https://www.immoweb.be/en/classified/apartment/for-sale/gent/9051/20813733
https://www.immoweb.be/en/classified/house/for-sale/zemst/1980/20813730
https://www.immoweb.be/en/classified/apartment/for-sale/heist-op-den-berg-itegem/2222/20813729
https://www.immoweb.be/en/classified/duplex/for-sale/denderleeuw/9470/20813726
https://www.immoweb.be/en/classified/house/for-sale/brasschaat/2930/20813725
https://www.immoweb.be/en/classified/house/for-sale/stabroek/2940/20813724
https://www.immoweb.be/en/classified/duplex/for-sale/forest/1190/20813722
https://www.immoweb.be/en/classified/duplex/for-sale/forest/1190/20813721
https://www.immoweb.be/en/classified/house/for-sale/bekkevoort/3460/20453390
https://www.immoweb.be/en/classified/duplex/for-sale/laeken/1020/20813718
https://www.immoweb.be/en/classified/house/for-sale/roeselare/8800/20813717
https://www.immoweb.be/en/classified/house/for-sale/ottignies-louvain-la-neuve/1341/20813716
https://www.immoweb.be/en/classified/apartment/for-sale/namur/5000/20754530
https://www.immoweb.be/en/classified/apartment/for-sale/namur/5000/20752381
https://www.immoweb.be/en/classified/duplex/for-sale/koekelberg/1081/20796351
https://www.immoweb.be/en/classified/apartment/for-sale/manage/7170/20807558
https://www.immoweb.be/en/classified/flat-studio/for-sale/woluwe-saint-lambert/1200/20806197
https://www.immoweb.be/en/classified/apartment/for-sale/uccle/1180/20806378
https://www.immoweb.be/en/classified/house/for-sale/melsele/9120/20808059
https://www.immoweb.be/en/classified/flat-studio/for-sale/leuven/3000/20805091
https://www.immoweb.be/en/classified/house/for-sale/koolkerke/8000/20812738
https://www.immoweb.be/en/classified/house/for-sale/oudenaarde/9700/20812370
https://www.immoweb.be/en/classified/duplex/for-sale/bruxelles/1000/20806511
https://www.immoweb.be/en/classified/house/for-sale/wakken/8720/20809024
https://www.immoweb.be/en/classified/house/for-sale/oudenburg/8460/20810104
https://www.immoweb.be/en/classified/villa/for-sale/dinant/5500/20810868
https://www.immoweb.be/en/classified/mansion/for-sale/liege/4000/20811307
https://www.immoweb.be/en/classified/house/for-sale/pont-a-celles/6230/20810716
https://www.immoweb.be/en/classified/house/for-sale/zottegem/9620/20814215
https://www.immoweb.be/en/classified/town-house/for-sale/beersel/1650/20812671
https://www.immoweb.be/en/classified/apartment-block/for-sale/neufchateau/6840/20812505
https://www.immoweb.be/en/classified/apartment/for-sale/knokke-heist/8300/20811181
https://www.immoweb.be/en/classified/house/for-sale/la-hulpe/1310/20812623
https://www.immoweb.be/en/classified/house/for-sale/dendermonde/9200/20809001
https://www.immoweb.be/en/classified/house/for-sale/lasne/1380/20812625
https://www.immoweb.be/en/classified/house/for-sale/seraing/4100/20790956
https://www.immoweb.be/en/classified/house/for-sale/lier/2500/20792168
https://www.immoweb.be/en/classified/house/for-sale/bredene/8450/20791251
https://www.immoweb.be/en/classified/house/for-sale/erpe-mere/9420/20790761
https://www.immoweb.be/en/classified/house/for-sale/reet/2840/20791839
https://www.immoweb.be/en/classified/apartment-block/for-sale/borgerhout/2140/20794076
https://www.immoweb.be/en/classified/house/for-sale/oudenaarde/9700/20791875
https://www.immoweb.be/en/classified/house/for-sale/evere/1140/20791907
https://www.immoweb.be/en/classified/house/for-sale/sint-katelijne-waver/2860/20793834
https://www.immoweb.be/en/classified/house/for-sale/denderleeuw/9470/20804425
https://www.immoweb.be/en/classified/house/for-sale/yvoir-purnode/5530/20813192
https://www.immoweb.be/en/classified/house/for-sale/brugge/8000/20813190
https://www.immoweb.be/en/classified/apartment/for-sale/molenbeek-saint-jean/1080/20813183
https://www.immoweb.be/en/classified/house/for-sale/bruxelles/1000/20813182
https://www.immoweb.be/en/classified/house/for-sale/steenokkerzeel/1820/20726790
https://www.immoweb.be/en/classified/house/for-sale/bornem/2880/20309260
https://www.immoweb.be/en/classified/apartment/for-sale/strombeek-bever/1853/20813177
https://www.immoweb.be/en/classified/duplex/for-sale/bruxelles/1000/20813171
https://www.immoweb.be/en/classified/duplex/for-sale/bruxelles/1000/20813172
https://www.immoweb.be/en/classified/ground-floor/for-sale/namur/5100/20813170
https://www.immoweb.be/en/classified/house/for-sale/zwijndrecht/2070/20813168
https://www.immoweb.be/en/classified/house/for-sale/stavelot/4970/20813155
https://www.immoweb.be/en/classified/villa/for-sale/rhode-saint-genese/1640/20813154
https://www.immoweb.be/en/classified/new-real-estate-project-apartments/for-sale/mechelen/2800/20813130
https://www.immoweb.be/en/classified/house/for-sale/zichen/3770/20813129
https://www.immoweb.be/en/classified/house/for-sale/mechelen/2800/20813128
https://www.immoweb.be/en/classified/new-real-estate-project-apartments/for-sale/oostkamp/8020/20813118
https://www.immoweb.be/en/classified/house/for-sale/geraardsbergen/9500/20813117
https://www.immoweb.be/en/classified/exceptional-property/for-sale/ninove/9400/20813131
https://www.immoweb.be/en/classified/apartment/for-sale/molenbeek-saint-jean/1080/20813111
https://www.immoweb.be/en/classified/apartment/for-sale/charleroi/6001/20813110
https://www.immoweb.be/en/classified/apartment/for-sale/charleroi/6001/20813109
https://www.immoweb.be/en/classified/apartment/for-sale/antwerpen/2660/20813105
https://www.immoweb.be/en/classified/house/for-sale/wielsbeke-sint-baafs-vijve/8710/20813104
https://www.immoweb.be/en/classified/apartment-block/for-sale/etterbeek/1040/20813108
https://www.immoweb.be/en/classified/apartment-block/for-sale/bruxelles/1000/20813102
https://www.immoweb.be/en/classified/house/for-sale/oudenaarde/9700/20813101
https://www.immoweb.be/en/classified/mixed-use-building/for-sale/stree/6511/20813095
https://www.immoweb.be/en/classified/penthouse/for-sale/evere/1140/20813092
https://www.immoweb.be/en/classified/penthouse/for-sale/evere/1140/20813099
https://www.immoweb.be/en/classified/house/for-sale/grace-hollogne/4460/20804867
https://www.immoweb.be/en/classified/apartment/for-sale/waterloo/1410/20801037
https://www.immoweb.be/en/classified/house/for-sale/kortemark/8610/20804221
https://www.immoweb.be/en/classified/house/for-sale/tongeren-borgloon/3700/20803492
https://www.immoweb.be/en/classified/house/for-sale/durbuy/6940/20806581
https://www.immoweb.be/en/classified/apartment/for-sale/bruxelles/1000/20800198
https://www.immoweb.be/en/classified/house/for-sale/sint-denijs-westrem/9051/20802065
https://www.immoweb.be/en/classified/house/for-sale/niel/2845/20804596
https://www.immoweb.be/en/classified/mixed-use-building/for-sale/tongeren/3700/20803475
https://www.immoweb.be/en/classified/flat-studio/for-sale/malmedy/4960/20590725
https://www.immoweb.be/en/classified/ground-floor/for-sale/jamioulx/6120/20626912
https://www.immoweb.be/en/classified/house/for-sale/seraing/4100/20782280
https://www.immoweb.be/en/classified/duplex/for-sale/malmedy/4960/20590723
https://www.immoweb.be/en/classified/apartment/for-sale/jamioulx/6120/20626910
https://www.immoweb.be/en/classified/ground-floor/for-sale/jamioulx/6120/20626914
https://www.immoweb.be/en/classified/apartment/for-sale/molenbeek-saint-jean/1080/20707406
https://www.immoweb.be/en/classified/penthouse/for-sale/jamioulx/6120/20626911
https://www.immoweb.be/en/classified/house/for-sale/faimes/4317/20786672
https://www.immoweb.be/en/classified/house/for-sale/fleron/4620/20782993
https://www.immoweb.be/en/classified/apartment/for-sale/zaventem/1930/20676497
https://www.immoweb.be/en/classified/apartment/for-sale/ostend/8400/20528135
https://www.immoweb.be/en/classified/house/for-sale/haaltert-denderhoutem/9450/20785951
https://www.immoweb.be/en/classified/apartment/for-sale/bruxelles/1000/20546468
https://www.immoweb.be/en/classified/house/for-sale/eksaarde/9160/20788361
https://www.immoweb.be/en/classified/duplex/for-sale/ixelles/1050/20622157
https://www.immoweb.be/en/classified/apartment/for-sale/antwerpen/2000/20625536
https://www.immoweb.be/en/classified/villa/for-sale/overijse/3090/20781920
https://www.immoweb.be/en/classified/apartment/for-sale/uccle/1180/20567540
https://www.immoweb.be/en/classified/exceptional-property/for-sale/ittre/1400/20785496
https://www.immoweb.be/en/classified/villa/for-sale/bierbeek/3360/20783430
https://www.immoweb.be/en/classified/apartment/for-sale/brasschaat/2930/20811216
https://www.immoweb.be/en/classified/house/for-sale/erpe-mere/9420/20811215
https://www.immoweb.be/en/classified/house/for-sale/deinze/9800/20811228
https://www.immoweb.be/en/classified/apartment/for-sale/sint-truiden/3800/20811212
https://www.immoweb.be/en/classified/house/for-sale/boom/2850/20811211
https://www.immoweb.be/en/classified/apartment/for-sale/temse/9140/20811210
https://www.immoweb.be/en/classified/house/for-sale/roeselare/8800/20811204
https://www.immoweb.be/en/classified/house/for-sale/roeselare/8800/20811203
https://www.immoweb.be/en/classified/apartment/for-sale/heist-op-den-berg/2220/20811202
https://www.immoweb.be/en/classified/house/for-sale/de-panne/8660/20677954
https://www.immoweb.be/en/classified/apartment/for-sale/bruxelles/1000/20811200
https://www.immoweb.be/en/classified/house/for-sale/fernelmont/5380/20792459
https://www.immoweb.be/en/classified/apartment/for-sale/roeselare/8800/20811192
https://www.immoweb.be/en/classified/apartment/for-sale/wondelgem/9032/20811190
https://www.immoweb.be/en/classified/apartment/for-sale/wondelgem/9032/20811186
https://www.immoweb.be/en/classified/apartment/for-sale/wondelgem/9032/20811188
https://www.immoweb.be/en/classified/apartment/for-sale/wondelgem/9032/20811184
https://www.immoweb.be/en/classified/penthouse/for-sale/wondelgem/9032/20811185
https://www.immoweb.be/en/classified/apartment/for-sale/wondelgem/9032/20811182
https://www.immoweb.be/en/classified/apartment/for-sale/knokke-heist/8300/20811181
https://www.immoweb.be/en/classified/villa/for-sale/merelbeke-melle/9820/20811180
https://www.immoweb.be/en/classified/apartment-block/for-sale/knokke-heist/8300/20811199
https://www.immoweb.be/en/classified/apartment/for-sale/oudenaarde/9700/20811178
https://www.immoweb.be/en/classified/penthouse/for-sale/wondelgem/9032/20811173
https://www.immoweb.be/en/classified/service-flat/for-sale/gent/9000/20811171
https://www.immoweb.be/en/classified/apartment/for-sale/gent/9051/20811166
https://www.immoweb.be/en/classified/house/for-sale/mariakerke/9030/20811169
https://www.immoweb.be/en/classified/new-real-estate-project-apartments/for-sale/destelbergen/9070/20811152
https://www.immoweb.be/en/classified/new-real-estate-project-apartments/for-sale/wondelgem/9032/20811154
https://www.immoweb.be/en/classified/apartment/for-sale/oostduinkerke/8670/20811151
https://www.immoweb.be/en/classified/house/for-sale/buggenhout/9255/20809842
https://www.immoweb.be/en/classified/house/for-sale/buggenhout/9255/20809844
https://www.immoweb.be/en/classified/house/for-sale/durbuy/6940/20809253
https://www.immoweb.be/en/classified/house/for-sale/sint-pieters-leeuw/1600/20808054
https://www.immoweb.be/en/classified/penthouse/for-sale/nazareth/9810/20810453
https://www.immoweb.be/en/classified/house/for-sale/begijnendijk/3130/20806483
https://www.immoweb.be/en/classified/apartment/for-sale/schaerbeek/1030/20810375
https://www.immoweb.be/en/classified/house/for-sale/itegem/2222/20788669
https://www.immoweb.be/en/classified/apartment/for-sale/uccle/1180/20809482
https://www.immoweb.be/en/classified/apartment/for-sale/etterbeek/1040/20812231
https://www.immoweb.be/en/classified/house/for-sale/putte/2580/20788661
https://www.immoweb.be/en/classified/house/for-sale/neeroeteren/3680/20790358
https://www.immoweb.be/en/classified/exceptional-property/for-sale/pepinster/4860/20787388
https://www.immoweb.be/en/classified/house/for-sale/antwerpen/2060/20791367
https://www.immoweb.be/en/classified/house/for-sale/de-haan/8420/20788217
https://www.immoweb.be/en/classified/house/for-sale/brugge/8000/20790313
https://www.immoweb.be/en/classified/villa/for-sale/dilbeek/1700/20788148
https://www.immoweb.be/en/classified/apartment/for-sale/berchem/2600/20745731
https://www.immoweb.be/en/classified/house/for-sale/breendonk/2870/20764157
https://www.immoweb.be/en/classified/apartment/for-sale/borsbeek/2150/20579321
https://www.immoweb.be/en/classified/house/for-sale/jette/1090/20726621
https://www.immoweb.be/en/classified/apartment/for-sale/bressoux/4020/20659148
https://www.immoweb.be/en/classified/duplex/for-sale/jodoigne/1370/20757699
https://www.immoweb.be/en/classified/apartment/for-sale/forest/1190/20642546
https://www.immoweb.be/en/classified/apartment/for-sale/bruxelles/1020/20757648
https://www.immoweb.be/en/classified/apartment/for-sale/ronse/9600/20777180
https://www.immoweb.be/en/classified/apartment/for-sale/schaerbeek/1030/20777398
https://www.immoweb.be/en/classified/flat-studio/for-sale/elsene/1050/20765428
https://www.immoweb.be/en/classified/apartment/for-sale/tournai/7500/20769832
https://www.immoweb.be/en/classified/apartment/for-sale/bertrix/6880/20727587
https://www.immoweb.be/en/classified/mansion/for-sale/trazegnies/6183/20711248
https://www.immoweb.be/en/classified/house/for-sale/kontich/2550/20809208
https://www.immoweb.be/en/classified/house/for-sale/wolvertem-meise/1861/20799546
https://www.immoweb.be/en/classified/apartment/for-sale/wolvertem-meise/1861/20730737
https://www.immoweb.be/en/classified/house/for-sale/falisolle/5060/20809204
https://www.immoweb.be/en/classified/apartment/for-sale/auvelais/5060/20809203
https://www.immoweb.be/en/classified/house/for-sale/zwevegem-moen/8552/20809202
https://www.immoweb.be/en/classified/house/for-sale/seraing/4101/20809168
https://www.immoweb.be/en/classified/apartment/for-sale/embourg/4053/20809167
https://www.immoweb.be/en/classified/duplex/for-sale/orp-le-grand/1350/20809166
https://www.immoweb.be/en/classified/duplex/for-sale/orp-le-grand/1350/20809165
https://www.immoweb.be/en/classified/apartment/for-sale/orp-le-grand/1350/20809164
https://www.immoweb.be/en/classified/bungalow/for-sale/lokeren/9180/20809161
https://www.immoweb.be/en/classified/house/for-sale/tongeren/3700/20809158
https://www.immoweb.be/en/classified/house/for-sale/tongeren/3700/20809159
https://www.immoweb.be/en/classified/flat-studio/for-sale/leuven/3000/20809155
https://www.immoweb.be/en/classified/apartment/for-sale/leuven/3010/20809153
https://www.immoweb.be/en/classified/apartment/for-sale/leuven/3010/20809152
https://www.immoweb.be/en/classified/apartment/for-sale/leuven/3010/20809151
https://www.immoweb.be/en/classified/apartment/for-sale/evere/1140/20809150
https://www.immoweb.be/en/classified/house/for-sale/oud-heverlee/3051/20809149
https://www.immoweb.be/en/classified/mixed-use-building/for-sale/liege/4020/20110181
https://www.immoweb.be/en/classified/new-real-estate-project-apartments/for-sale/lier/2500/20809148
https://www.immoweb.be/en/classified/apartment/for-sale/knokke-heist/8300/20809147
https://www.immoweb.be/en/classified/apartment/for-sale/uccle/1180/20809146
https://www.immoweb.be/en/classified/house/for-sale/oostduinkerke/8670/20809144
https://www.immoweb.be/en/classified/house/for-sale/tournai/7500/20809142
https://www.immoweb.be/en/classified/house/for-sale/templeuve/7520/20809143
https://www.immoweb.be/en/classified/house/for-sale/antoing/7640/20809141
https://www.immoweb.be/en/classified/country-cottage/for-sale/oudenaarde/9700/20809140
https://www.immoweb.be/en/classified/new-real-estate-project-houses/for-sale/mechelen/2800/20598235
https://www.immoweb.be/en/classified/new-real-estate-project-apartments/for-sale/antwerpen/2000/10886917
https://www.immoweb.be/en/classified/new-real-estate-project-houses/for-sale/kalmthout/2920/20730210
https://www.immoweb.be/en/classified/new-real-estate-project-apartments/for-sale/leuven/3000/20363765
https://www.immoweb.be/en/classified/new-real-estate-project-apartments/for-sale/gent/9000/20347677
https://www.immoweb.be/en/classified/new-real-estate-project-apartments/for-sale/uccle/1180/20697383
https://www.immoweb.be/en/classified/new-real-estate-project-apartments/for-sale/uccle/1180/20574330
https://www.immoweb.be/en/classified/new-real-estate-project-apartments/for-sale/koksijde/8670/20675081
https://www.immoweb.be/en/classified/new-real-estate-project-apartments/for-sale/koksijde/8670/20621791
https://www.immoweb.be/en/classified/new-real-estate-project-houses/for-sale/dendermonde-dendermonde/9200/20717778
https://www.immoweb.be/en/classified/new-real-estate-project-houses/for-sale/forest/1190/20689299
https://www.immoweb.be/en/classified/new-real-estate-project-houses/for-sale/eigenbrakel/1420/10808134
https://www.immoweb.be/en/classified/new-real-estate-project-apartments/for-sale/merelbeke-melle/9820/20552818
https://www.immoweb.be/en/classified/new-real-estate-project-houses/for-sale/brussel/1000/20026101
https://www.immoweb.be/en/classified/new-real-estate-project-apartments/for-sale/waterloo/1410/20541686
https://www.immoweb.be/en/classified/new-real-estate-project-apartments/for-sale/waterloo/1410/9803834
https://www.immoweb.be/en/classified/new-real-estate-project-houses/for-sale/schaerbeek/1030/20472282
https://www.immoweb.be/en/classified/new-real-estate-project-apartments/for-sale/oostende/8400/11455427
https://www.immoweb.be/en/classified/new-real-estate-project-apartments/for-sale/knokke-heist/8300/10713793
https://www.immoweb.be/en/classified/new-real-estate-project-houses/for-sale/brugge/8000/20665449
https://www.immoweb.be/en/classified/new-real-estate-project-apartments/for-sale/woluwe-saint-lambert/1200/20750882
https://www.immoweb.be/en/classified/new-real-estate-project-houses/for-sale/leuven/3000/10983766
https://www.immoweb.be/en/classified/new-real-estate-project-houses/for-sale/leuven/3000/20557855
https://www.immoweb.be/en/classified/new-real-estate-project-houses/for-sale/oudenaarde/9700/20675774
https://www.immoweb.be/en/classified/new-real-estate-project-apartments/for-sale/antwerpen/2000/10171873
https://www.immoweb.be/en/classified/new-real-estate-project-apartments/for-sale/schaerbeek/1030/20669603
https://www.immoweb.be/en/classified/new-real-estate-project-houses/for-sale/kruibeke/9150/10598912
https://www.immoweb.be/en/classified/new-real-estate-project-apartments/for-sale/koksijde/8670/20413120
https://www.immoweb.be/en/classified/new-real-estate-project-apartments/for-sale/heist-aan-zee/8301/20066625
https://www.immoweb.be/en/classified/new-real-estate-project-apartments/for-sale/woluwe-saint-pierre/1150/20306486
https://www.immoweb.be/en/classified/house/for-sale/beho/6672/20806058
https://www.immoweb.be/en/classified/house/for-sale/jabbeke-jabbeke/8490/20806056
https://www.immoweb.be/en/classified/house/for-sale/hastiere-lavaux/5540/20806054
https://www.immoweb.be/en/classified/house/for-sale/meetkerke/8377/20806050
https://www.immoweb.be/en/classified/house/for-sale/tessenderlo-ham/3945/20806037
https://www.immoweb.be/en/classified/apartment/for-sale/tongeren/3700/20806035
https://www.immoweb.be/en/classified/apartment/for-sale/nieuwpoort/8620/20805969
https://www.immoweb.be/en/classified/house/for-sale/sint-kruis/8310/20805968
https://www.immoweb.be/en/classified/house/for-sale/maldegem/9990/20805966
https://www.immoweb.be/en/classified/house/for-sale/brugge/8000/20805967
https://www.immoweb.be/en/classified/mansion/for-sale/tournai/7500/20805954
https://www.immoweb.be/en/classified/house/for-sale/pecq/7740/20805955
https://www.immoweb.be/en/classified/house/for-sale/torhout/8820/20805952
https://www.immoweb.be/en/classified/new-real-estate-project-apartments/for-sale/ganshoren/1083/20805945
https://www.immoweb.be/en/classified/house/for-sale/ieper/8900/20805944
https://www.immoweb.be/en/classified/house/for-sale/langemark/8920/20805943
https://www.immoweb.be/en/classified/villa/for-sale/lichtervelde/8810/20805942
https://www.immoweb.be/en/classified/apartment/for-sale/turnhout/2300/20805938
https://www.immoweb.be/en/classified/apartment/for-sale/turnhout/2300/20805937
https://www.immoweb.be/en/classified/house/for-sale/turnhout/2300/20805936
https://www.immoweb.be/en/classified/apartment/for-sale/turnhout/2300/20805935
https://www.immoweb.be/en/classified/apartment/for-sale/turnhout/2300/20805934
https://www.immoweb.be/en/classified/apartment/for-sale/turnhout/2300/20805939
https://www.immoweb.be/en/classified/house/for-sale/turnhout/2300/20805953
https://www.immoweb.be/en/classified/apartment/for-sale/turnhout/2300/20805932
https://www.immoweb.be/en/classified/exceptional-property/for-sale/turnhout/2300/20805933
https://www.immoweb.be/en/classified/house/for-sale/borsbeek/2150/20805928
https://www.immoweb.be/en/classified/exceptional-property/for-sale/leuven-heverlee/3001/20805925
https://www.immoweb.be/en/classified/house/for-sale/herstal/4040/20805924
https://www.immoweb.be/en/classified/house/for-sale/verviers/4800/20805922
https://www.immoweb.be/en/classified/house/for-sale/blankenberge/8370/20801223
https://www.immoweb.be/en/classified/house/for-sale/ombret/4540/20801968
https://www.immoweb.be/en/classified/house/for-sale/gent/9000/20801838
https://www.immoweb.be/en/classified/house/for-sale/evergem/9940/20801837
https://www.immoweb.be/en/classified/house/for-sale/mechelen/2800/20803068
https://www.immoweb.be/en/classified/house/for-sale/stekene/9190/20801341
https://www.immoweb.be/en/classified/apartment/for-sale/knokke-heist/8300/20799298
https://www.immoweb.be/en/classified/house/for-sale/seraing/4100/20784360
https://www.immoweb.be/en/classified/house/for-sale/ronse/9600/20784641
https://www.immoweb.be/en/classified/flat-studio/for-sale/bruxelles/1000/20818257
https://www.immoweb.be/en/classified/apartment/for-sale/elsene/1050/20818673
https://www.immoweb.be/en/classified/new-real-estate-project-apartments/for-sale/deurne/2100/20772342
https://www.immoweb.be/en/classified/new-real-estate-project-apartments/for-sale/andenne/5300/20772398
https://www.immoweb.be/en/classified/new-real-estate-project-apartments/for-sale/scherpenheuvel/3270/20772365
https://www.immoweb.be/en/classified/new-real-estate-project-houses/for-sale/mons/7000/20769813
https://www.immoweb.be/en/classified/new-real-estate-project-apartments/for-sale/liedekerke/1770/20772292
https://www.immoweb.be/en/classified/new-real-estate-project-apartments/for-sale/orp-le-grand/1350/20771138
https://www.immoweb.be/en/classified/new-real-estate-project-apartments/for-sale/aalst/9300/20772320
https://www.immoweb.be/en/classified/new-real-estate-project-apartments/for-sale/erembodegem/9320/20772316
https://www.immoweb.be/en/classified/new-real-estate-project-apartments/for-sale/berlaar/2590/20772623
https://www.immoweb.be/en/classified/new-real-estate-project-houses/for-sale/ramsel/2230/20769068
https://www.immoweb.be/en/classified/new-real-estate-project-apartments/for-sale/brussel/1000/20766404
https://www.immoweb.be/en/classified/new-real-estate-project-houses/for-sale/burst/9420/20772331
https://www.immoweb.be/en/classified/new-real-estate-project-apartments/for-sale/ixelles/1050/20760631
https://www.immoweb.be/en/classified/new-real-estate-project-apartments/for-sale/auderghem/1160/20760634
https://www.immoweb.be/en/classified/new-real-estate-project-houses/for-sale/dion-le-mont/1325/20772887
https://www.immoweb.be/en/classified/apartment/for-sale/charleroi/6000/20817096
https://www.immoweb.be/en/classified/apartment/for-sale/deurne/2100/20760117
https://www.immoweb.be/en/classified/apartment/for-sale/wilrijk/2610/20778550
https://www.immoweb.be/en/classified/ground-floor/for-sale/wilrijk/2610/20778551
https://www.immoweb.be/en/classified/bungalow/for-sale/ternat/1740/20813028
https://www.immoweb.be/en/classified/house/for-sale/beringen/3580/20813024
https://www.immoweb.be/en/classified/house/for-sale/grez-doiceau/1390/20813022
https://www.immoweb.be/en/classified/penthouse/for-sale/antwerpen/2000/20813019
https://www.immoweb.be/en/classified/house/for-sale/sint-niklaas/9100/20456599
https://www.immoweb.be/en/classified/apartment/for-sale/bruxelles/1020/20813017
https://www.immoweb.be/en/classified/ground-floor/for-sale/tongeren-borgloon/3840/20813015
https://www.immoweb.be/en/classified/house/for-sale/tongeren/3700/20813014
https://www.immoweb.be/en/classified/house/for-sale/beringen/3580/20813011
https://www.immoweb.be/en/classified/house/for-sale/balen/2490/20813010
https://www.immoweb.be/en/classified/house/for-sale/erquelinnes/6560/20813009
https://www.immoweb.be/en/classified/villa/for-sale/oud-heverlee/3050/20813004
https://www.immoweb.be/en/classified/house/for-sale/sint-niklaas/9100/20565456
https://www.immoweb.be/en/classified/apartment-block/for-sale/malmedy/4960/20584988
https://www.immoweb.be/en/classified/apartment/for-sale/bruxelles-bruxelles/1000/20812995
https://www.immoweb.be/en/classified/house/for-sale/pulle/2243/20812994
https://www.immoweb.be/en/classified/apartment/for-sale/laeken/1020/20812993
https://www.immoweb.be/en/classified/apartment/for-sale/deurne/2100/20493723
https://www.immoweb.be/en/classified/house/for-sale/tournai-mourcourt/7543/20812990
https://www.immoweb.be/en/classified/house/for-sale/mesvin/7022/20812989
https://www.immoweb.be/en/classified/house/for-sale/dilbeek/1700/20812987
https://www.immoweb.be/en/classified/apartment/for-sale/ath/7800/20812983
https://www.immoweb.be/en/classified/house/for-sale/romsee/4624/20812978
https://www.immoweb.be/en/classified/house/for-sale/romsee/4624/20812977
https://www.immoweb.be/en/classified/house/for-sale/grivegnee-liege/4030/20812976
https://www.immoweb.be/en/classified/apartment/for-sale/vilvoorde/1800/20812975
https://www.immoweb.be/en/classified/house/for-sale/braine-le-comte/7090/20812974
https://www.immoweb.be/en/classified/house/for-sale/roeselare/8800/20434666
https://www.immoweb.be/en/classified/bungalow/for-sale/rocourt/4000/20812970
https://www.immoweb.be/en/classified/villa/for-sale/sint-goriks-oudenhove/9620/20812969
https://www.immoweb.be/en/classified/apartment/for-sale/dinant/5500/20815794
https://www.immoweb.be/en/classified/apartment/for-sale/dinant/5500/20815882
https://www.immoweb.be/en/classified/apartment/for-sale/saint-gilles/1060/20816091
https://www.immoweb.be/en/classified/apartment/for-sale/gent/9000/20813952
https://www.immoweb.be/en/classified/apartment/for-sale/borgerhout/2140/20768171
https://www.immoweb.be/en/classified/house/for-sale/boom/2850/20800777
https://www.immoweb.be/en/classified/house/for-sale/mechelen/2800/20800791
https://www.immoweb.be/en/classified/house/for-sale/ternat/1740/20800005
https://www.immoweb.be/en/classified/house/for-sale/melle/9090/20799810
https://www.immoweb.be/en/classified/mansion/for-sale/gent/9000/20799665
https://www.immoweb.be/en/classified/bungalow/for-sale/vresse-sur-semois/5550/20650067
https://www.immoweb.be/en/classified/house/for-sale/liege/4020/20622531
https://www.immoweb.be/en/classified/apartment/for-sale/bredene/8450/20113202
https://www.immoweb.be/en/classified/house/for-sale/ouffet/4590/20720787
https://www.immoweb.be/en/classified/house/for-sale/amay/4540/20779759
https://www.immoweb.be/en/classified/house/for-sale/nassogne/6953/20589490
https://www.immoweb.be/en/classified/house/for-sale/herstal/4041/20662441
https://www.immoweb.be/en/classified/house/for-sale/yvoir/5530/20760704
https://www.immoweb.be/en/classified/house/for-sale/lierneux/4990/20611715
https://www.immoweb.be/en/classified/house/for-sale/anderlecht/1070/20707166
https://www.immoweb.be/en/classified/house/for-sale/verviers-lambermont/4800/20685718
https://www.immoweb.be/en/classified/villa/for-sale/xhoris/4190/20573238
https://www.immoweb.be/en/classified/house/for-sale/nassogne/6950/20769993
https://www.immoweb.be/en/classified/villa/for-sale/wavre/1300/20689402
https://www.immoweb.be/en/classified/house/for-sale/watermael-boitsfort/1170/20736714
https://www.immoweb.be/en/classified/house/for-sale/aalst/9300/20777388
https://www.immoweb.be/en/classified/house/for-sale/aalst/9310/20777387
https://www.immoweb.be/en/classified/villa/for-sale/affligem/1790/20759096
https://www.immoweb.be/en/classified/villa/for-sale/machelen-diegem/1831/20702265
https://www.immoweb.be/en/classified/house/for-sale/auderghem/1160/20773614
https://www.immoweb.be/en/classified/house/for-sale/verviers/4800/20812840
https://www.immoweb.be/en/classified/apartment/for-sale/kortrijk/8500/20812838
https://www.immoweb.be/en/classified/house/for-sale/torhout/8820/20812836
https://www.immoweb.be/en/classified/ground-floor/for-sale/schaerbeek/1030/20812835
https://www.immoweb.be/en/classified/farmhouse/for-sale/oostende/8400/20812834
https://www.immoweb.be/en/classified/house/for-sale/wavre/1300/20812831
https://www.immoweb.be/en/classified/house/for-sale/brugge/8000/20812830
https://www.immoweb.be/en/classified/house/for-sale/scheldewindeke/9860/20812825
https://www.immoweb.be/en/classified/farmhouse/for-sale/houffalize/6661/20812824
https://www.immoweb.be/en/classified/house/for-sale/schoten/2900/20812822
https://www.immoweb.be/en/classified/apartment/for-sale/anderlecht/1070/20812813
https://www.immoweb.be/en/classified/house/for-sale/lendelede/8860/20812784
https://www.immoweb.be/en/classified/house/for-sale/retie/2470/20812783
https://www.immoweb.be/en/classified/house/for-sale/kalmthout/2920/20812782
https://www.immoweb.be/en/classified/villa/for-sale/retie/2470/20812781
https://www.immoweb.be/en/classified/villa/for-sale/mol/2400/20812779
https://www.immoweb.be/en/classified/apartment/for-sale/kapellen/2950/20812778
https://www.immoweb.be/en/classified/apartment/for-sale/borsbeek/2150/20812777
https://www.immoweb.be/en/classified/house/for-sale/duffel/2570/20812776
https://www.immoweb.be/en/classified/villa/for-sale/overijse/3090/20812775
https://www.immoweb.be/en/classified/house/for-sale/izegem/8870/20812774
https://www.immoweb.be/en/classified/new-real-estate-project-apartments/for-sale/seneffe/7180/20812748
https://www.immoweb.be/en/classified/apartment/for-sale/assebroek/8310/20812747
https://www.immoweb.be/en/classified/apartment/for-sale/edegem/2650/20812746
https://www.immoweb.be/en/classified/villa/for-sale/knokke-heist/8300/20812743
https://www.immoweb.be/en/classified/house/for-sale/brugge/8000/20812742
https://www.immoweb.be/en/classified/kot/for-sale/brugge/8000/20812741
https://www.immoweb.be/en/classified/house/for-sale/koolkerke/8000/20812738
https://www.immoweb.be/en/classified/apartment/for-sale/brugge/8000/20812740
https://www.immoweb.be/en/classified/house/for-sale/heusy/4802/20812736
https://www.immoweb.be/en/classified/house/for-sale/ixelles/1050/20801639
https://www.immoweb.be/en/classified/house/for-sale/izegem/8870/20783278
https://www.immoweb.be/en/classified/house/for-sale/seraing/4100/20782060
https://www.immoweb.be/en/classified/house/for-sale/fleurus/6220/20783565
https://www.immoweb.be/en/classified/house/for-sale/antwerpen/2020/20782270
https://www.immoweb.be/en/classified/house/for-sale/mechelen/2800/20784694
https://www.immoweb.be/en/classified/house/for-sale/oelegem/2520/20784699
https://www.immoweb.be/en/classified/house/for-sale/bonheiden/2820/20782578
https://www.immoweb.be/en/classified/house/for-sale/uccle/1180/20763629
https://www.immoweb.be/en/classified/house/for-sale/seraing/4102/20712835
https://www.immoweb.be/en/classified/apartment/for-sale/deurne/2100/20770721
https://www.immoweb.be/en/classified/apartment/for-sale/etterbeek/1040/20769442
https://www.immoweb.be/en/classified/apartment/for-sale/sint-lambrechts-woluwe/1200/20576247
https://www.immoweb.be/en/classified/apartment/for-sale/heist-op-den-berg/2220/20770428
https://www.immoweb.be/en/classified/apartment/for-sale/niel/2845/20768223
https://www.immoweb.be/en/classified/apartment/for-sale/woluwe-saint-pierre/1150/20744579
https://www.immoweb.be/en/classified/house/for-sale/ternat/1740/20768355
https://www.immoweb.be/en/classified/apartment/for-sale/oostende/8400/20768759
https://www.immoweb.be/en/classified/apartment/for-sale/deinze/9800/20817308
https://www.immoweb.be/en/classified/penthouse/for-sale/brussels/1000/20817125
https://www.immoweb.be/en/classified/apartment/for-sale/knokke-heist/8300/20697132
https://www.immoweb.be/en/classified/house/for-sale/dampremy/6020/20816942
https://www.immoweb.be/en/classified/mixed-use-building/for-sale/mechelen/2800/20816831
https://www.immoweb.be/en/classified/exceptional-property/for-sale/leuven/3000/20816921
https://www.immoweb.be/en/classified/flat-studio/for-sale/anderlecht/1070/20789863
https://www.immoweb.be/en/classified/house/for-sale/bas-oha/4520/20797400
https://www.immoweb.be/en/classified/apartment/for-sale/borgerhout/2140/20794083
https://www.immoweb.be/en/classified/house/for-sale/de-panne/8660/20798175
https://www.immoweb.be/en/classified/house/for-sale/wevelgem/8560/20798183
https://www.immoweb.be/en/classified/house/for-sale/sint-andries/8200/20796056
https://www.immoweb.be/en/classified/penthouse/for-sale/liege/4020/20810246
https://www.immoweb.be/en/classified/apartment/for-sale/hemiksem/2620/20810244
https://www.immoweb.be/en/classified/mixed-use-building/for-sale/aartselaar/2630/20637904
https://www.immoweb.be/en/classified/apartment/for-sale/juprelle/4450/20810243
https://www.immoweb.be/en/classified/apartment/for-sale/juprelle/4450/20810242
https://www.immoweb.be/en/classified/apartment/for-sale/juprelle/4450/20810241
https://www.immoweb.be/en/classified/duplex/for-sale/liege/4020/20810239
https://www.immoweb.be/en/classified/apartment/for-sale/oostduinkerke/8670/20810238
https://www.immoweb.be/en/classified/apartment/for-sale/nieuwpoort/8620/20810237
https://www.immoweb.be/en/classified/apartment/for-sale/ciney/5590/20810235
https://www.immoweb.be/en/classified/house/for-sale/bredene/8450/20810234
https://www.immoweb.be/en/classified/house/for-sale/bassenge/4690/11466114
https://www.immoweb.be/en/classified/apartment-block/for-sale/bassenge/4690/11466176
https://www.immoweb.be/en/classified/house/for-sale/bassenge/4690/11466175
https://www.immoweb.be/en/classified/house/for-sale/bassenge/4690/11466177
https://www.immoweb.be/en/classified/apartment/for-sale/molenbeek-saint-jean/1080/20810230
https://www.immoweb.be/en/classified/house/for-sale/la-roche-en-ardenne/6980/20810229
https://www.immoweb.be/en/classified/chalet/for-sale/aywaille/4920/20810227
https://www.immoweb.be/en/classified/apartment/for-sale/temse/9140/20810222
https://www.immoweb.be/en/classified/house/for-sale/grobbendonk/2280/20810221
https://www.immoweb.be/en/classified/house/for-sale/sint-pieters-leeuw/1600/20810219
https://www.immoweb.be/en/classified/new-real-estate-project-houses/for-sale/franiere/5150/20810215
https://www.immoweb.be/en/classified/apartment/for-sale/knokke-heist/8300/10685206
https://www.immoweb.be/en/classified/apartment/for-sale/blankenberge/8370/20810206
https://www.immoweb.be/en/classified/house/for-sale/fosses-la-ville/5070/20810205
https://www.immoweb.be/en/classified/house/for-sale/bousval/1470/20810204
https://www.immoweb.be/en/classified/apartment/for-sale/knokke-heist/8300/20415353
https://www.immoweb.be/en/classified/apartment/for-sale/liege/4020/20810199
https://www.immoweb.be/en/classified/apartment/for-sale/liege/4020/20810198
https://www.immoweb.be/en/classified/mansion/for-sale/brasschaat/2930/20810197
https://www.immoweb.be/en/classified/mansion/for-sale/temse/9140/20747162
https://www.immoweb.be/en/classified/apartment/for-sale/wanfercee-baulet/6224/20783155
https://www.immoweb.be/en/classified/house/for-sale/herzele/9551/20816759
https://www.immoweb.be/en/classified/house/for-sale/begijnendijk/3130/20816325
https://www.immoweb.be/en/classified/house/for-sale/blankenberge/8370/20816333
https://www.immoweb.be/en/classified/house/for-sale/zoersel/2980/20817185
https://www.immoweb.be/en/classified/house/for-sale/roeselare/8800/20751724
https://www.immoweb.be/en/classified/house/for-sale/oplinter/3300/20796130
https://www.immoweb.be/en/classified/house/for-sale/libramont-chevigny-jenneville/6800/20701566
https://www.immoweb.be/en/classified/house/for-sale/anderlecht/1070/20752030
https://www.immoweb.be/en/classified/apartment-block/for-sale/anderlecht/1070/20752024
https://www.immoweb.be/en/classified/villa/for-sale/rixensart/1330/20796362
https://www.immoweb.be/en/classified/house/for-sale/wachtebeke/9185/20797659
https://www.immoweb.be/en/classified/house/for-sale/gent/9050/20798160
https://www.immoweb.be/en/classified/apartment/for-sale/elsene/1050/20804581
https://www.immoweb.be/en/classified/house/for-sale/sint-amandsberg/9040/20798057
https://www.immoweb.be/en/classified/house/for-sale/antwerpen-2050/2050/20797108
https://www.immoweb.be/en/classified/apartment/for-sale/elsene/1050/20804578
https://www.immoweb.be/en/classified/apartment/for-sale/elsene/1050/20804576
https://www.immoweb.be/en/classified/exceptional-property/for-sale/brugge/8000/20797694
https://www.immoweb.be/en/classified/new-real-estate-project-houses/for-sale/assebroek/8310/11424072
https://www.immoweb.be/en/classified/new-real-estate-project-apartments/for-sale/middelkerke/8430/11465275
https://www.immoweb.be/en/classified/new-real-estate-project-apartments/for-sale/westende/8434/10489033
https://www.immoweb.be/en/classified/new-real-estate-project-apartments/for-sale/houthulst/8650/20618728
https://www.immoweb.be/en/classified/new-real-estate-project-houses/for-sale/tielt-8700/8700/20691625
https://www.immoweb.be/en/classified/new-real-estate-project-apartments/for-sale/anderlecht/1070/20621098
https://www.immoweb.be/en/classified/new-real-estate-project-apartments/for-sale/tubize/1480/20397166
https://www.immoweb.be/en/classified/new-real-estate-project-apartments/for-sale/luik-4020/4020/11238883
https://www.immoweb.be/en/classified/new-real-estate-project-apartments/for-sale/waregem/8790/10446604
https://www.immoweb.be/en/classified/new-real-estate-project-apartments/for-sale/arlon/6700/20727179
https://www.immoweb.be/en/classified/house/for-sale/eeklo/9900/20807732
https://www.immoweb.be/en/classified/house/for-sale/eeklo/9900/20807731
https://www.immoweb.be/en/classified/house/for-sale/dilbeek/1703/20807729
https://www.immoweb.be/en/classified/house/for-sale/itegem/2222/20684330
https://www.immoweb.be/en/classified/house/for-sale/merksem/2170/20807724
https://www.immoweb.be/en/classified/house/for-sale/zottegem/9620/20740406
https://www.immoweb.be/en/classified/house/for-sale/uccle/1180/20807720
https://www.immoweb.be/en/classified/apartment/for-sale/zonhoven/3520/20348870
https://www.immoweb.be/en/classified/apartment/for-sale/houthalen-helchteren/3530/20807715
https://www.immoweb.be/en/classified/ground-floor/for-sale/houthalen-helchteren/3530/20807711
https://www.immoweb.be/en/classified/duplex/for-sale/houthalen-helchteren/3530/20807709
https://www.immoweb.be/en/classified/penthouse/for-sale/uccle/1180/20367608
https://www.immoweb.be/en/classified/apartment/for-sale/oostende/8400/20741083
https://www.immoweb.be/en/classified/apartment/for-sale/oostende/8400/20807707
https://www.immoweb.be/en/classified/duplex/for-sale/houthalen-helchteren/3530/20807703
https://www.immoweb.be/en/classified/house/for-sale/houthalen-helchteren/3530/20807702
https://www.immoweb.be/en/classified/house/for-sale/mater/9700/20807700
https://www.immoweb.be/en/classified/house/for-sale/houthalen-helchteren/3530/20807699
https://www.immoweb.be/en/classified/apartment/for-sale/houthalen-helchteren/3530/20807698
https://www.immoweb.be/en/classified/house/for-sale/kuurne/8520/20702213
https://www.immoweb.be/en/classified/apartment/for-sale/genk/3600/20807689
https://www.immoweb.be/en/classified/house/for-sale/ruisbroek/1601/20807685
https://www.immoweb.be/en/classified/mixed-use-building/for-sale/halle/1500/20807683
https://www.immoweb.be/en/classified/apartment/for-sale/beringen-koersel/3582/20807678
https://www.immoweb.be/en/classified/mansion/for-sale/peer/3990/20807677
https://www.immoweb.be/en/classified/flat-studio/for-sale/ixelles/1050/20807675
https://www.immoweb.be/en/classified/house/for-sale/genk/3600/20807674
https://www.immoweb.be/en/classified/house/for-sale/vliermaal/3724/20807669
https://www.immoweb.be/en/classified/apartment/for-sale/helchteren/3530/20807668
https://www.immoweb.be/en/classified/apartment/for-sale/helchteren/3530/20807667
https://www.immoweb.be/en/classified/country-cottage/for-sale/durbuy/6940/20806583
https://www.immoweb.be/en/classified/house/for-sale/durbuy/6940/20806584
https://www.immoweb.be/en/classified/villa/for-sale/hasselt/3500/20777428
https://www.immoweb.be/en/classified/apartment-block/for-sale/leuven/3000/20806945
https://www.immoweb.be/en/classified/apartment/for-sale/roeselare/8800/20784339
https://www.immoweb.be/en/classified/apartment/for-sale/laarne/9270/20783689
https://www.immoweb.be/en/classified/apartment/for-sale/geraardsbergen/9500/20787396
https://www.immoweb.be/en/classified/apartment/for-sale/anderlecht/1070/20782714
https://www.immoweb.be/en/classified/apartment/for-sale/borgerhout/2140/20788258
https://www.immoweb.be/en/classified/apartment-block/for-sale/verviers/4800/20782212
https://www.immoweb.be/en/classified/house/for-sale/koersel/3582/20788782
https://www.immoweb.be/en/classified/house/for-sale/antwerpen/2030/20787113
https://www.immoweb.be/en/classified/apartment/for-sale/molenbeek-saint-jean/1080/20787533
https://www.immoweb.be/en/classified/apartment/for-sale/uccle/1180/20783192
https://www.immoweb.be/en/classified/apartment/for-sale/uccle/1180/20781722
https://www.immoweb.be/en/classified/house/for-sale/roeselare/8800/20783656
https://www.immoweb.be/en/classified/house/for-sale/borgerhout/2140/20787849
https://www.immoweb.be/en/classified/house/for-sale/ichtegem/8480/20785620
https://www.immoweb.be/en/classified/house/for-sale/bazel/9150/20785666
https://www.immoweb.be/en/classified/house/for-sale/liege/4000/20783804
https://www.immoweb.be/en/classified/ground-floor/for-sale/schaerbeek/1030/20782659
https://www.immoweb.be/en/classified/farmhouse/for-sale/zwevegem/8550/20783264
https://www.immoweb.be/en/classified/villa/for-sale/beersel/1650/20783434
https://www.immoweb.be/en/classified/villa/for-sale/beersel-huizingen/1654/20783435
https://www.immoweb.be/en/classified/apartment/for-sale/antwerpen/2000/20788305
https://www.immoweb.be/en/classified/house/for-sale/oudenaarde/9700/20763908
https://www.immoweb.be/en/classified/house/for-sale/walem/2800/20764883
https://www.immoweb.be/en/classified/apartment/for-sale/mortsel/2640/20803054
https://www.immoweb.be/en/classified/apartment/for-sale/forest/1190/20800628
https://www.immoweb.be/en/classified/apartment/for-sale/ukkel/1180/20802240
https://www.immoweb.be/en/classified/house/for-sale/merksem/2170/20810434
https://www.immoweb.be/en/classified/apartment/for-sale/merksem/2170/20810435
https://www.immoweb.be/en/classified/house/for-sale/orcq/7501/20810430
https://www.immoweb.be/en/classified/ground-floor/for-sale/uccle/1180/20810427
https://www.immoweb.be/en/classified/apartment/for-sale/lier/2500/20810426
https://www.immoweb.be/en/classified/house/for-sale/adegem/9991/20810420
https://www.immoweb.be/en/classified/house/for-sale/oostmalle/2390/20810417
https://www.immoweb.be/en/classified/house/for-sale/zottegem/9620/20810416
https://www.immoweb.be/en/classified/ground-floor/for-sale/auderghem/1160/20810415
https://www.immoweb.be/en/classified/apartment/for-sale/lier/2500/20810414
https://www.immoweb.be/en/classified/house/for-sale/aywaille/4920/20541713
https://www.immoweb.be/en/classified/mixed-use-building/for-sale/sprimont/4140/20058512
https://www.immoweb.be/en/classified/house/for-sale/aywaille/4920/20541712
https://www.immoweb.be/en/classified/apartment/for-sale/halen/3545/11164369
https://www.immoweb.be/en/classified/penthouse/for-sale/bruxelles/1150/20810411
https://www.immoweb.be/en/classified/flat-studio/for-sale/nieuwpoort/8620/20644087
https://www.immoweb.be/en/classified/house/for-sale/de-pinte/9840/20810409
https://www.immoweb.be/en/classified/apartment/for-sale/lummen/3560/20810408
https://www.immoweb.be/en/classified/apartment/for-sale/aalst/9300/20810407
https://www.immoweb.be/en/classified/house/for-sale/kortrijk/8500/20810406
https://www.immoweb.be/en/classified/house/for-sale/oosterzele/9860/20810405
https://www.immoweb.be/en/classified/apartment/for-sale/lummen/3560/20810402
https://www.immoweb.be/en/classified/house/for-sale/lier/2500/20810401
https://www.immoweb.be/en/classified/villa/for-sale/mol/2400/20810399
https://www.immoweb.be/en/classified/mixed-use-building/for-sale/sint-niklaas/9100/20810398
https://www.immoweb.be/en/classified/house/for-sale/cul-des-sarts/5660/20810391
https://www.immoweb.be/en/classified/house/for-sale/tamines/5060/20810392
https://www.immoweb.be/en/classified/house/for-sale/roeselare/8800/20810385
https://www.immoweb.be/en/classified/house/for-sale/roeselare/8800/20810386
https://www.immoweb.be/en/classified/house/for-sale/ardooie/8850/20810384
https://www.immoweb.be/en/classified/new-real-estate-project-apartments/for-sale/blankenberge/8370/11235840
https://www.immoweb.be/en/classified/new-real-estate-project-apartments/for-sale/blankenberge/8370/11088545
https://www.immoweb.be/en/classified/new-real-estate-project-apartments/for-sale/moerbeke-waas/9180/10422507
https://www.immoweb.be/en/classified/new-real-estate-project-apartments/for-sale/ukkel/1180/11027594
https://www.immoweb.be/en/classified/new-real-estate-project-apartments/for-sale/hoogstraten/2320/11450101
https://www.immoweb.be/en/classified/new-real-estate-project-apartments/for-sale/westende/8434/20290901
https://www.immoweb.be/en/classified/new-real-estate-project-houses/for-sale/retinne/4621/10740283
https://www.immoweb.be/en/classified/new-real-estate-project-houses/for-sale/meulebeke/8760/20375621
https://www.immoweb.be/en/classified/new-real-estate-project-apartments/for-sale/braine-lalleud/1420/20628963
https://www.immoweb.be/en/classified/new-real-estate-project-houses/for-sale/roeselare/8800/20257512
https://www.immoweb.be/en/classified/new-real-estate-project-houses/for-sale/blegny-barchon/4671/11321174
https://www.immoweb.be/en/classified/new-real-estate-project-houses/for-sale/houthulst/8650/20560557
https://www.immoweb.be/en/classified/new-real-estate-project-apartments/for-sale/arlon/6700/20579790
https://www.immoweb.be/en/classified/new-real-estate-project-apartments/for-sale/brugge/8000/10712110
https://www.immoweb.be/en/classified/new-real-estate-project-apartments/for-sale/brugge/8000/10518907
https://www.immoweb.be/en/classified/new-real-estate-project-apartments/for-sale/oostende/8400/20013079
https://www.immoweb.be/en/classified/new-real-estate-project-houses/for-sale/roeselare/8800/20427585
https://www.immoweb.be/en/classified/new-real-estate-project-apartments/for-sale/nederename/9700/20468989
https://www.immoweb.be/en/classified/new-real-estate-project-houses/for-sale/marche-en-famenne/6900/11433847
https://www.immoweb.be/en/classified/new-real-estate-project-houses/for-sale/mourcourt/7543/11455109
https://www.immoweb.be/en/classified/new-real-estate-project-apartments/for-sale/waregem/8790/10075658
https://www.immoweb.be/en/classified/new-real-estate-project-apartments/for-sale/heist-op-den-berg/2220/20165967
https://www.immoweb.be/en/classified/new-real-estate-project-houses/for-sale/kortrijk/8500/9990638
https://www.immoweb.be/en/classified/new-real-estate-project-apartments/for-sale/ixelles/1050/20696461
https://www.immoweb.be/en/classified/new-real-estate-project-apartments/for-sale/woluwe-saint-lambert/1200/20606812
https://www.immoweb.be/en/classified/new-real-estate-project-apartments/for-sale/woluwe-saint-lambert/1200/11188638
https://www.immoweb.be/en/classified/new-real-estate-project-apartments/for-sale/braine-lalleud/1420/20628925
https://www.immoweb.be/en/classified/new-real-estate-project-apartments/for-sale/nandrin/4550/20540116
https://www.immoweb.be/en/classified/new-real-estate-project-apartments/for-sale/wenduine/8420/20624473
https://www.immoweb.be/en/classified/new-real-estate-project-apartments/for-sale/oostduinkerke/8670/20192903
https://www.immoweb.be/en/classified/apartment/for-sale/diest/3290/20806770
https://www.immoweb.be/en/classified/apartment/for-sale/diest/3290/20806771
https://www.immoweb.be/en/classified/apartment/for-sale/diest/3290/20806769
https://www.immoweb.be/en/classified/apartment/for-sale/diest/3290/20806763
https://www.immoweb.be/en/classified/apartment/for-sale/diest/3290/20806768
https://www.immoweb.be/en/classified/apartment/for-sale/diest/3290/20806766
https://www.immoweb.be/en/classified/new-real-estate-project-apartments/for-sale/diest/3290/20806764
https://www.immoweb.be/en/classified/apartment/for-sale/diest/3290/20806767
https://www.immoweb.be/en/classified/apartment/for-sale/diest/3290/20806762
https://www.immoweb.be/en/classified/apartment/for-sale/diest/3290/20806760
https://www.immoweb.be/en/classified/apartment/for-sale/diest/3290/20806759
https://www.immoweb.be/en/classified/apartment/for-sale/borsbeek/2150/20806757
https://www.immoweb.be/en/classified/house/for-sale/assebroek/8310/20806754
https://www.immoweb.be/en/classified/house/for-sale/brustem/3800/20806752
https://www.immoweb.be/en/classified/house/for-sale/mechelen/2800/20806753
https://www.immoweb.be/en/classified/house/for-sale/boechout/2531/20636895
https://www.immoweb.be/en/classified/new-real-estate-project-houses/for-sale/waasmunster/9250/20806744
https://www.immoweb.be/en/classified/house/for-sale/mouscron/7700/20806737
https://www.immoweb.be/en/classified/apartment/for-sale/hoboken/2660/20491361
https://www.immoweb.be/en/classified/house/for-sale/sint-niklaas/9100/20806721
https://www.immoweb.be/en/classified/penthouse/for-sale/sint-idesbald/8670/20806712
https://www.immoweb.be/en/classified/new-real-estate-project-apartments/for-sale/molenbeek-saint-jean/1080/20806706
https://www.immoweb.be/en/classified/new-real-estate-project-apartments/for-sale/uccle/1180/20806710
https://www.immoweb.be/en/classified/new-real-estate-project-apartments/for-sale/saint-josse-ten-noode/1210/20806708
https://www.immoweb.be/en/classified/service-flat/for-sale/leuven/3000/20806707
https://www.immoweb.be/en/classified/new-real-estate-project-apartments/for-sale/bruxelles/1000/20806700
https://www.immoweb.be/en/classified/new-real-estate-project-houses/for-sale/bruxelles/1120/20806699
https://www.immoweb.be/en/classified/house/for-sale/menen/8930/20806698
https://www.immoweb.be/en/classified/apartment/for-sale/gent/9051/20730067
https://www.immoweb.be/en/classified/apartment/for-sale/gent/9051/20730056
https://www.immoweb.be/en/classified/house/for-sale/sint-pieters-woluwe/1150/20749739
https://www.immoweb.be/en/classified/mixed-use-building/for-sale/nassogne/6950/20763186
https://www.immoweb.be/en/classified/apartment/for-sale/bruxelles/1000/20759344
https://www.immoweb.be/en/classified/house/for-sale/orp-le-grand/1350/20746545
https://www.immoweb.be/en/classified/apartment/for-sale/bruxelles/1000/20714622
https://www.immoweb.be/en/classified/apartment/for-sale/ixelles/1050/20623551
https://www.immoweb.be/en/classified/town-house/for-sale/woluwe-saint-pierre/1150/20761280
https://www.immoweb.be/en/classified/house/for-sale/forest/1190/20658491
https://www.immoweb.be/en/classified/apartment/for-sale/brussels/1000/20717387
https://www.immoweb.be/en/classified/apartment/for-sale/ixelles/1050/20717388
https://www.immoweb.be/en/classified/house/for-sale/huldenberg/3040/20775814
https://www.immoweb.be/en/classified/ground-floor/for-sale/ixelles/1050/20623554
https://www.immoweb.be/en/classified/exceptional-property/for-sale/jandrain-jandrenouille/1350/20732548
https://www.immoweb.be/en/classified/exceptional-property/for-sale/herve/4650/20760886
https://www.immoweb.be/en/classified/house/for-sale/merchtem/1785/20765818
https://www.immoweb.be/en/classified/penthouse/for-sale/ixelles/1050/20743991
https://www.immoweb.be/en/classified/house/for-sale/woluwe-saint-pierre/1150/20729686
https://www.immoweb.be/en/classified/apartment-block/for-sale/ramillies/1367/20762131
https://www.immoweb.be/en/classified/house/for-sale/waterloo/1410/20755448
https://www.immoweb.be/en/classified/apartment-block/for-sale/eghezee/5310/20762130
https://www.immoweb.be/en/classified/duplex/for-sale/knokke-heist/8300/20721557
https://www.immoweb.be/en/classified/house/for-sale/saint-gilles/1060/20681159
https://www.immoweb.be/en/classified/apartment/for-sale/knokke-heist/8300/20753363
https://www.immoweb.be/en/classified/apartment/for-sale/sleidinge/9940/20800377
https://www.immoweb.be/en/classified/apartment/for-sale/evergem/9940/20800404
https://www.immoweb.be/en/classified/apartment/for-sale/sleidinge/9940/20800382
https://www.immoweb.be/en/classified/apartment/for-sale/evergem/9940/20800373
https://www.immoweb.be/en/classified/bungalow/for-sale/hastiere/5541/20703533
https://www.immoweb.be/en/classified/house/for-sale/chiny/6810/20812954
https://www.immoweb.be/en/classified/house/for-sale/chiny/6810/20813199
https://www.immoweb.be/en/classified/country-cottage/for-sale/hacquegnies/7911/11178434
https://www.immoweb.be/en/classified/country-cottage/for-sale/mainvault/7812/20360009
https://www.immoweb.be/en/classified/apartment/for-sale/watermael-boitsfort/1170/20805506
https://www.immoweb.be/en/classified/apartment/for-sale/bruxelles/1050/20805504
https://www.immoweb.be/en/classified/house/for-sale/chimay/6460/20805503
https://www.immoweb.be/en/classified/chalet/for-sale/hastiere/5540/20805500
https://www.immoweb.be/en/classified/apartment/for-sale/bruxelles/1180/20805499
https://www.immoweb.be/en/classified/apartment/for-sale/ixelles/1050/20805498
https://www.immoweb.be/en/classified/town-house/for-sale/halanzy/6792/20805495
https://www.immoweb.be/en/classified/apartment/for-sale/seraing-boncelles/4100/20805491
https://www.immoweb.be/en/classified/house/for-sale/dour/7370/20805490
https://www.immoweb.be/en/classified/apartment/for-sale/aalst/9300/20805486
https://www.immoweb.be/en/classified/house/for-sale/haaltert/9450/20805485
https://www.immoweb.be/en/classified/house/for-sale/erpe-mere/9420/20805489
https://www.immoweb.be/en/classified/house/for-sale/orp-jauche/1350/20805484
https://www.immoweb.be/en/classified/house/for-sale/puurs/2870/20805483
https://www.immoweb.be/en/classified/apartment-block/for-sale/couillet/6010/20805481
https://www.immoweb.be/en/classified/house/for-sale/montigny-le-tilleul/6110/20805480
https://www.immoweb.be/en/classified/house/for-sale/couillet/6010/20805478
https://www.immoweb.be/en/classified/house/for-sale/leernes/6142/20805477
https://www.immoweb.be/en/classified/house/for-sale/neuville-philippeville/5600/20805475
https://www.immoweb.be/en/classified/house/for-sale/fagnolle/5600/20805474
https://www.immoweb.be/en/classified/villa/for-sale/mont-sur-marchienne/6032/20754450
https://www.immoweb.be/en/classified/house/for-sale/ransart/6043/20805476
https://www.immoweb.be/en/classified/house/for-sale/anderlues/6150/20754443
https://www.immoweb.be/en/classified/house/for-sale/moerbeke/9500/20805472
https://www.immoweb.be/en/classified/house/for-sale/haasdonk/9120/20805469
https://www.immoweb.be/en/classified/villa/for-sale/beveren-kruibeke-zwijndrecht/9120/20805470
https://www.immoweb.be/en/classified/exceptional-property/for-sale/kraainem/1950/20805466
https://www.immoweb.be/en/classified/house/for-sale/meix-devant-virton/6769/20805464
https://www.immoweb.be/en/classified/apartment/for-sale/duinbergen/8301/20788081
https://www.immoweb.be/en/classified/house/for-sale/ans/4430/20799802
https://www.immoweb.be/en/classified/house/for-sale/sint-niklaas/9100/20801065
https://www.immoweb.be/en/classified/duplex/for-sale/villers-le-bouillet/4530/20806572
https://www.immoweb.be/en/classified/mixed-use-building/for-sale/huy/4500/20801192
https://www.immoweb.be/en/classified/house/for-sale/bertrix/6880/20746323
https://www.immoweb.be/en/classified/house/for-sale/montignies-sur-sambre/6061/20772930
https://www.immoweb.be/en/classified/bungalow/for-sale/hastiere/5542/20703415
https://www.immoweb.be/en/classified/house/for-sale/escanaffles/7760/20756431
https://www.immoweb.be/en/classified/house/for-sale/herinnes/7742/20747174
https://www.immoweb.be/en/classified/house/for-sale/ans/4000/20766094
https://www.immoweb.be/en/classified/house/for-sale/liege/4020/20771325
https://www.immoweb.be/en/classified/villa/for-sale/aiseau/6250/20590931
https://www.immoweb.be/en/classified/villa/for-sale/roucourt/7601/20748790
https://www.immoweb.be/en/classified/villa/for-sale/lessines/7860/20768702
https://www.immoweb.be/en/classified/bungalow/for-sale/galmaarden/1570/20505224
https://www.immoweb.be/en/classified/house/for-sale/marche-en-famenne/6900/20512790
https://www.immoweb.be/en/classified/town-house/for-sale/stabroek/2940/20698335
https://www.immoweb.be/en/classified/house/for-sale/brugge-sint-andries/8200/20583856
https://www.immoweb.be/en/classified/house/for-sale/fexhele-haut-clocher/4347/20665196
https://www.immoweb.be/en/classified/mixed-use-building/for-sale/gent/9000/20775882
https://www.immoweb.be/en/classified/house/for-sale/gent/9040/20780378
https://www.immoweb.be/en/classified/house/for-sale/laeken/1020/20625258
https://www.immoweb.be/en/classified/house/for-sale/libramont-chevigny/6800/20744869
https://www.immoweb.be/en/classified/house/for-sale/aalst/9300/20701076
https://www.immoweb.be/en/classified/house/for-sale/limelette/1342/20774227
https://www.immoweb.be/en/classified/house/for-sale/lennik/1750/20759099
https://www.immoweb.be/en/classified/house/for-sale/asse/1730/20604972
https://www.immoweb.be/en/classified/house/for-sale/bruxelles/1130/20613423
https://www.immoweb.be/en/classified/house/for-sale/aalst/9300/20623215
https://www.immoweb.be/en/classified/house/for-sale/yvoir/5530/20810708
https://www.immoweb.be/en/classified/house/for-sale/schaerbeek/1030/20810707
https://www.immoweb.be/en/classified/duplex/for-sale/de-haan/8420/20810705
https://www.immoweb.be/en/classified/apartment/for-sale/anderlecht/1070/20810702
https://www.immoweb.be/en/classified/apartment/for-sale/schaerbeek/1030/20810701
https://www.immoweb.be/en/classified/apartment/for-sale/anderlecht/1070/20810696
https://www.immoweb.be/en/classified/house/for-sale/schaerbeek/1030/20810694
https://www.immoweb.be/en/classified/apartment-block/for-sale/schaerbeek/1030/20810693
https://www.immoweb.be/en/classified/house/for-sale/kortrijk/8510/20794089
https://www.immoweb.be/en/classified/house/for-sale/ninove/9400/20810690
https://www.immoweb.be/en/classified/new-real-estate-project-houses/for-sale/astene/9800/20810670
https://www.immoweb.be/en/classified/apartment/for-sale/oudenaarde/9700/20772082
https://www.immoweb.be/en/classified/mixed-use-building/for-sale/rebaix/7804/20810667
https://www.immoweb.be/en/classified/new-real-estate-project-apartments/for-sale/uccle/1180/20810662
https://www.immoweb.be/en/classified/house/for-sale/estaimpuis/7730/20810660
https://www.immoweb.be/en/classified/apartment/for-sale/berchem-antwerpen/2600/20810653
https://www.immoweb.be/en/classified/apartment/for-sale/diepenbeek/3590/20810649
https://www.immoweb.be/en/classified/apartment/for-sale/blankenberge/8370/20810648
https://www.immoweb.be/en/classified/apartment/for-sale/nivelles/1400/20810647
https://www.immoweb.be/en/classified/house/for-sale/ramsdonk/1880/20810582
https://www.immoweb.be/en/classified/apartment/for-sale/wavre/1300/20810580
https://www.immoweb.be/en/classified/house/for-sale/zele/9240/20810567
https://www.immoweb.be/en/classified/new-real-estate-project-apartments/for-sale/torhout/8820/20810566
https://www.immoweb.be/en/classified/apartment/for-sale/wilrijk/2610/20810563
https://www.immoweb.be/en/classified/mixed-use-building/for-sale/willebroek/2830/20810561
https://www.immoweb.be/en/classified/house/for-sale/willebroek/2830/20810560
https://www.immoweb.be/en/classified/house/for-sale/herent-herent/3020/20810558
https://www.immoweb.be/en/classified/house/for-sale/theux/4910/20810555
https://www.immoweb.be/en/classified/apartment/for-sale/oostende/8400/20810553
https://www.immoweb.be/en/classified/apartment/for-sale/temse/9140/20810551
https://www.immoweb.be/en/classified/apartment/for-sale/turnhout/2300/20803075
https://www.immoweb.be/en/classified/apartment/for-sale/mortsel/2640/20803057
https://www.immoweb.be/en/classified/apartment/for-sale/turnhout/2300/20803104
https://www.immoweb.be/en/classified/apartment/for-sale/antwerpen/2140/20804077
https://www.immoweb.be/en/classified/apartment/for-sale/assebroek/8310/20801519
https://www.immoweb.be/en/classified/apartment/for-sale/oostende/8400/20802196
https://www.immoweb.be/en/classified/apartment/for-sale/etterbeek/1040/20804027
https://www.immoweb.be/en/classified/duplex/for-sale/woluwe-saint-lambert/1200/20804125
https://www.immoweb.be/en/classified/new-real-estate-project-houses/for-sale/gits/8830/20803474
https://www.immoweb.be/en/classified/house/for-sale/andenne/5300/20810211
https://www.immoweb.be/en/classified/house/for-sale/ingelmunster/8770/20804987
https://www.immoweb.be/en/classified/house/for-sale/torhout/8820/20806624
https://www.immoweb.be/en/classified/villa/for-sale/la-louviere/7100/20807993
https://www.immoweb.be/en/classified/house/for-sale/de-haan/8420/20807571
https://www.immoweb.be/en/classified/house/for-sale/bocholt/3950/20812175
https://www.immoweb.be/en/classified/house/for-sale/hombeek/2811/20807853
https://www.immoweb.be/en/classified/town-house/for-sale/deurne/2100/20808072
https://www.immoweb.be/en/classified/house/for-sale/villers-le-bouillet-villers-le-bouillet/4530/20805176
https://www.immoweb.be/en/classified/house/for-sale/antwerpen/2020/20806481
https://www.immoweb.be/en/classified/house/for-sale/sint-truiden/3800/20806641
https://www.immoweb.be/en/classified/house/for-sale/hamont-achel/3930/20809323
https://www.immoweb.be/en/classified/mixed-use-building/for-sale/uccle/1180/20809448
https://www.immoweb.be/en/classified/house/for-sale/harelbeke/8530/20791471
https://www.immoweb.be/en/classified/house/for-sale/uccle/1180/20785154
https://www.immoweb.be/en/classified/house/for-sale/etterbeek/1040/20786427
https://www.immoweb.be/en/classified/villa/for-sale/kraainem/1950/20786155
https://www.immoweb.be/en/classified/apartment/for-sale/merksem/2170/20797377
https://www.immoweb.be/en/classified/apartment/for-sale/brussel/1000/20797978
https://www.immoweb.be/en/classified/apartment/for-sale/boom/2850/20795374
https://www.immoweb.be/en/classified/ground-floor/for-sale/antwerpen/2018/20796463
https://www.immoweb.be/en/classified/apartment/for-sale/heusy/4802/20353394
https://www.immoweb.be/en/classified/apartment/for-sale/bredene/8450/20814926
https://www.immoweb.be/en/classified/house/for-sale/overijse/3090/20711235
https://www.immoweb.be/en/classified/house/for-sale/hasselt/3500/20814921
https://www.immoweb.be/en/classified/apartment/for-sale/verviers/4800/20814920
https://www.immoweb.be/en/classified/apartment/for-sale/antwerpen/2020/20814919
https://www.immoweb.be/en/classified/villa/for-sale/merelbeke/9820/20814918
https://www.immoweb.be/en/classified/apartment/for-sale/verviers/4800/20814916
https://www.immoweb.be/en/classified/house/for-sale/marcinelle/6001/20814914
https://www.immoweb.be/en/classified/house/for-sale/marcinelle/6001/20814913
https://www.immoweb.be/en/classified/house/for-sale/overijse/3090/20814912
https://www.immoweb.be/en/classified/house/for-sale/montignies-sur-sambre/6061/20814911
https://www.immoweb.be/en/classified/apartment/for-sale/verviers/4800/20814909
https://www.immoweb.be/en/classified/apartment/for-sale/bredene/8450/20814908
https://www.immoweb.be/en/classified/house/for-sale/berchem-sainte-agathe/1082/20814907
https://www.immoweb.be/en/classified/apartment/for-sale/verviers/4800/20814904
https://www.immoweb.be/en/classified/apartment/for-sale/verviers/4800/20814901
https://www.immoweb.be/en/classified/apartment/for-sale/verviers/4800/20814899
https://www.immoweb.be/en/classified/apartment/for-sale/heusy/4802/20814897
https://www.immoweb.be/en/classified/apartment/for-sale/aalst/9300/20814896
https://www.immoweb.be/en/classified/house/for-sale/dalhem/4607/20814895
https://www.immoweb.be/en/classified/villa/for-sale/kortrijk/8510/20814894
https://www.immoweb.be/en/classified/apartment-block/for-sale/bruxelles/1020/20577709
https://www.immoweb.be/en/classified/apartment/for-sale/soumagne/4630/20733903
https://www.immoweb.be/en/classified/house/for-sale/soumagne/4630/20814892
https://www.immoweb.be/en/classified/apartment/for-sale/aiseau-presles/6250/20814888
https://www.immoweb.be/en/classified/apartment/for-sale/aiseau-presles/6250/20814887
https://www.immoweb.be/en/classified/villa/for-sale/lennik/1750/20814886
https://www.immoweb.be/en/classified/apartment/for-sale/ixelles/1050/20814885
https://www.immoweb.be/en/classified/house/for-sale/heusden-zolder/3550/20814883
https://www.immoweb.be/en/classified/new-real-estate-project-apartments/for-sale/bredene/8450/10201860
https://www.immoweb.be/en/classified/new-real-estate-project-houses/for-sale/ath/7800/10740541
https://www.immoweb.be/en/classified/new-real-estate-project-houses/for-sale/laplaigne/7622/20635872
https://www.immoweb.be/en/classified/new-real-estate-project-houses/for-sale/komen-waasten/7780/20285359
https://www.immoweb.be/en/classified/new-real-estate-project-apartments/for-sale/oostende/8400/10594811
https://www.immoweb.be/en/classified/new-real-estate-project-apartments/for-sale/de-panne/8660/10478950
https://www.immoweb.be/en/classified/new-real-estate-project-apartments/for-sale/izegem/8870/11354491
https://www.immoweb.be/en/classified/new-real-estate-project-apartments/for-sale/temse/9140/20187422
https://www.immoweb.be/en/classified/new-real-estate-project-apartments/for-sale/turnhout/2300/20100343
https://www.immoweb.be/en/classified/new-real-estate-project-apartments/for-sale/boom/2850/20567713
https://www.immoweb.be/en/classified/new-real-estate-project-apartments/for-sale/libramont-chevigny/6800/20361943
https://www.immoweb.be/en/classified/new-real-estate-project-apartments/for-sale/lillois-witterzee/1428/20373010
https://www.immoweb.be/en/classified/new-real-estate-project-apartments/for-sale/liege/4000/11188674
https://www.immoweb.be/en/classified/new-real-estate-project-apartments/for-sale/blankenberge/8370/20741133
https://www.immoweb.be/en/classified/new-real-estate-project-apartments/for-sale/blankenberge/8370/9930168
https://www.immoweb.be/en/classified/new-real-estate-project-apartments/for-sale/ooigem/8710/11015491
https://www.immoweb.be/en/classified/new-real-estate-project-apartments/for-sale/gent/9000/11433944
https://www.immoweb.be/en/classified/new-real-estate-project-apartments/for-sale/gent/9051/11433923
https://www.immoweb.be/en/classified/new-real-estate-project-apartments/for-sale/sinaai/9112/20091034
https://www.immoweb.be/en/classified/new-real-estate-project-apartments/for-sale/kruisem/9770/20379388
https://www.immoweb.be/en/classified/new-real-estate-project-apartments/for-sale/kruisem/9770/20341557
https://www.immoweb.be/en/classified/new-real-estate-project-apartments/for-sale/middelkerke/8430/20140174
https://www.immoweb.be/en/classified/new-real-estate-project-apartments/for-sale/handzame/8610/20531167
https://www.immoweb.be/en/classified/new-real-estate-project-apartments/for-sale/de-panne/8660/10372757
https://www.immoweb.be/en/classified/new-real-estate-project-apartments/for-sale/de-panne/8660/20062443
https://www.immoweb.be/en/classified/new-real-estate-project-houses/for-sale/kuurne/8520/11196076
https://www.immoweb.be/en/classified/new-real-estate-project-apartments/for-sale/turnhout/2300/20100341
https://www.immoweb.be/en/classified/new-real-estate-project-apartments/for-sale/genappe/1470/10731410
https://www.immoweb.be/en/classified/new-real-estate-project-houses/for-sale/vezon/7538/20257516
https://www.immoweb.be/en/classified/new-real-estate-project-apartments/for-sale/blankenberge/8370/11035563
https://www.immoweb.be/en/classified/apartment/for-sale/roeselare/8800/20807405
https://www.immoweb.be/en/classified/house/for-sale/zwalm/9630/20807403
https://www.immoweb.be/en/classified/mixed-use-building/for-sale/overijse/3090/20807402
https://www.immoweb.be/en/classified/house/for-sale/brakel/9660/20807401
https://www.immoweb.be/en/classified/apartment/for-sale/antwerpen-2050/2050/20807395
https://www.immoweb.be/en/classified/ground-floor/for-sale/eeklo/9900/20807394
https://www.immoweb.be/en/classified/apartment/for-sale/morlanwelz/7140/20807393
https://www.immoweb.be/en/classified/villa/for-sale/la-louviere-saint-vaast/7100/20807392
https://www.immoweb.be/en/classified/house/for-sale/zele/9240/20807391
https://www.immoweb.be/en/classified/villa/for-sale/kalmthout/2920/20807387
https://www.immoweb.be/en/classified/house/for-sale/waregem/8790/20807386
https://www.immoweb.be/en/classified/house/for-sale/uccle/1180/20807384
https://www.immoweb.be/en/classified/house/for-sale/gierle/2275/20807385
https://www.immoweb.be/en/classified/mixed-use-building/for-sale/zwevegem/8550/20807383
https://www.immoweb.be/en/classified/apartment/for-sale/leuven-heverlee/3001/20807382
https://www.immoweb.be/en/classified/apartment/for-sale/gosselies/6041/20807389
https://www.immoweb.be/en/classified/apartment/for-sale/borgerhout/2140/20807377
https://www.immoweb.be/en/classified/house/for-sale/oupeye/4680/20807375
https://www.immoweb.be/en/classified/house/for-sale/sint-maria-lierde/9570/20807373
https://www.immoweb.be/en/classified/house/for-sale/boom/2850/20689446
https://www.immoweb.be/en/classified/house/for-sale/kalmthout/2920/20807368
https://www.immoweb.be/en/classified/house/for-sale/roeselare/8800/20807365
https://www.immoweb.be/en/classified/apartment/for-sale/middelkerke/8430/20807363
https://www.immoweb.be/en/classified/house/for-sale/sint-gillis-waas/9170/20807360
https://www.immoweb.be/en/classified/house/for-sale/bruxelles-1/1000/20807355
https://www.immoweb.be/en/classified/house/for-sale/sint-niklaas/9100/20807353
https://www.immoweb.be/en/classified/apartment/for-sale/edegem/2650/20807351
https://www.immoweb.be/en/classified/apartment/for-sale/edegem/2650/20807349
https://www.immoweb.be/en/classified/apartment-block/for-sale/edegem/2650/20807350
https://www.immoweb.be/en/classified/apartment/for-sale/etterbeek/1040/20807347
https://www.immoweb.be/en/classified/house/for-sale/waregem/8790/20748675
https://www.immoweb.be/en/classified/villa/for-sale/wemmel/1780/20683668
https://www.immoweb.be/en/classified/house/for-sale/somme-leuze/5377/20764034
https://www.immoweb.be/en/classified/country-cottage/for-sale/la-roche-en-ardenne/6980/20754187
https://www.immoweb.be/en/classified/house/for-sale/schaerbeek/1030/20770725
https://www.immoweb.be/en/classified/house/for-sale/evere/1140/20770724
https://www.immoweb.be/en/classified/house/for-sale/saint-gilles/1060/20729855
https://www.immoweb.be/en/classified/house/for-sale/watermael-boitsfort/1170/20693922
https://www.immoweb.be/en/classified/house/for-sale/schaerbeek/1030/20767451
https://www.immoweb.be/en/classified/apartment-block/for-sale/jette/1090/20760087
https://www.immoweb.be/en/classified/villa/for-sale/willebroek/2830/20777320
https://www.immoweb.be/en/classified/house/for-sale/woluwe-saint-pierre/1150/20739227
https://www.immoweb.be/en/classified/mixed-use-building/for-sale/woluwe-saint-lambert/1200/20742680
https://www.immoweb.be/en/classified/house/for-sale/watermael-boitsfort/1170/20536721
https://www.immoweb.be/en/classified/house/for-sale/ixelles/1050/20713677
https://www.immoweb.be/en/classified/apartment-block/for-sale/forest/1190/20567288
https://www.immoweb.be/en/classified/villa/for-sale/uccle/1180/20756528
https://www.immoweb.be/en/classified/villa/for-sale/brasschaat/2930/20598706
https://www.immoweb.be/en/classified/flat-studio/for-sale/blankenberge/8370/20804091
https://www.immoweb.be/en/classified/duplex/for-sale/dinant/5500/20802722
https://www.immoweb.be/en/classified/apartment/for-sale/nivelles/1400/20801629
https://www.immoweb.be/en/classified/apartment/for-sale/sint-amandsberg/9040/20804468
https://www.immoweb.be/en/classified/duplex/for-sale/duffel/2570/20807217
https://www.immoweb.be/en/classified/apartment/for-sale/liege/4000/20802946
https://www.immoweb.be/en/classified/apartment/for-sale/woluwe-saint-lambert/1200/20803579
https://www.immoweb.be/en/classified/penthouse/for-sale/ixelles/1050/20805404
https://www.immoweb.be/en/classified/apartment/for-sale/berchem/2600/20757038
https://www.immoweb.be/en/classified/apartment/for-sale/deurne-2100/2100/20775216
https://www.immoweb.be/en/classified/house/for-sale/engis/4480/20736109
https://www.immoweb.be/en/classified/apartment/for-sale/sint-niklaas/9100/20776910
https://www.immoweb.be/en/classified/mixed-use-building/for-sale/sint-truiden/3800/20055453
https://www.immoweb.be/en/classified/service-flat/for-sale/wellen/3830/20662558
https://www.immoweb.be/en/classified/house/for-sale/vosselaar/2350/20591643
https://www.immoweb.be/en/classified/house/for-sale/bekkevoort/3460/20711288
https://www.immoweb.be/en/classified/house/for-sale/diest/3290/20749535
https://www.immoweb.be/en/classified/house/for-sale/koersel/3582/20734104
https://www.immoweb.be/en/classified/apartment/for-sale/beringen/3580/20788042
https://www.immoweb.be/en/classified/house/for-sale/zelem/3545/20299009
https://www.immoweb.be/en/classified/house/for-sale/herk-de-stad/3540/10998845
https://www.immoweb.be/en/classified/house/for-sale/testelt/3272/20650575
https://www.immoweb.be/en/classified/house/for-sale/diest/3290/20752293
https://www.immoweb.be/en/classified/house/for-sale/bekkevoort/3460/20710314
https://www.immoweb.be/en/classified/house/for-sale/houthalen-helchteren/3530/20482400
https://www.immoweb.be/en/classified/house/for-sale/diest/3290/20029982
https://www.immoweb.be/en/classified/house/for-sale/diest/3290/20030192
https://www.immoweb.be/en/classified/house/for-sale/herk-de-stad/3540/20515141
https://www.immoweb.be/en/classified/house/for-sale/sint-truiden/3800/20810550
https://www.immoweb.be/en/classified/villa/for-sale/chimay/6460/20736570
https://www.immoweb.be/en/classified/loft/for-sale/ronse/9600/20810548
https://www.immoweb.be/en/classified/house/for-sale/fosses-la-ville/5070/20810546
https://www.immoweb.be/en/classified/house/for-sale/marcinelle/6001/20810545
https://www.immoweb.be/en/classified/villa/for-sale/putte/2580/20810544
https://www.immoweb.be/en/classified/apartment/for-sale/ganshoren/1083/20810543
https://www.immoweb.be/en/classified/apartment/for-sale/brasschaat/2930/20810542
https://www.immoweb.be/en/classified/house/for-sale/brugge/8310/20810541
https://www.immoweb.be/en/classified/villa/for-sale/hoeilaert/1560/20810538
https://www.immoweb.be/en/classified/apartment/for-sale/knokke-heist/8300/20810536
https://www.immoweb.be/en/classified/apartment/for-sale/bredene/8450/20759197
https://www.immoweb.be/en/classified/apartment/for-sale/oostende/8400/20810532
https://www.immoweb.be/en/classified/house/for-sale/ranst/2520/20810529
https://www.immoweb.be/en/classified/new-real-estate-project-apartments/for-sale/gent/9000/20663596
https://www.immoweb.be/en/classified/new-real-estate-project-apartments/for-sale/willebroek/2830/11203802
https://www.immoweb.be/en/classified/new-real-estate-project-apartments/for-sale/oostende/8400/11201204
https://www.immoweb.be/en/classified/new-real-estate-project-apartments/for-sale/woluwe-saint-lambert/1200/20670339
https://www.immoweb.be/en/classified/new-real-estate-project-apartments/for-sale/machelen/1830/20479841
https://www.immoweb.be/en/classified/new-real-estate-project-apartments/for-sale/gent/9000/20255903
https://www.immoweb.be/en/classified/new-real-estate-project-apartments/for-sale/bertrix/6880/11130804
https://www.immoweb.be/en/classified/new-real-estate-project-apartments/for-sale/westende/8434/20307285
https://www.immoweb.be/en/classified/new-real-estate-project-apartments/for-sale/gent/9000/20736847
https://www.immoweb.be/en/classified/new-real-estate-project-apartments/for-sale/sint-denijs-westrem/9051/20586946
https://www.immoweb.be/en/classified/new-real-estate-project-apartments/for-sale/tielt-8700/8700/20638900
https://www.immoweb.be/en/classified/new-real-estate-project-apartments/for-sale/zedelgem/8210/20713376
https://www.immoweb.be/en/classified/new-real-estate-project-apartments/for-sale/middelkerke/8430/9380772
https://www.immoweb.be/en/classified/new-real-estate-project-apartments/for-sale/ingelmunster/8770/20419031
https://www.immoweb.be/en/classified/new-real-estate-project-apartments/for-sale/blankenberge/8370/10741135
https://www.immoweb.be/en/classified/new-real-estate-project-apartments/for-sale/koksijde/8670/10361963
https://www.immoweb.be/en/classified/new-real-estate-project-apartments/for-sale/bredene/8450/20266638
https://www.immoweb.be/en/classified/new-real-estate-project-apartments/for-sale/ronse/9600/20697105
https://www.immoweb.be/en/classified/new-real-estate-project-apartments/for-sale/namur/5000/20641607
https://www.immoweb.be/en/classified/new-real-estate-project-apartments/for-sale/blankenberge/8370/20151244
https://www.immoweb.be/en/classified/new-real-estate-project-apartments/for-sale/marche-en-famenne/6900/11171800
https://www.immoweb.be/en/classified/new-real-estate-project-apartments/for-sale/riemst/3770/20603658
https://www.immoweb.be/en/classified/new-real-estate-project-apartments/for-sale/namur/5000/20559154
https://www.immoweb.be/en/classified/new-real-estate-project-apartments/for-sale/jambes/5100/20032227
https://www.immoweb.be/en/classified/new-real-estate-project-apartments/for-sale/diksmuide/8600/10712026
https://www.immoweb.be/en/classified/new-real-estate-project-apartments/for-sale/tielt-8700/8700/20611659
https://www.immoweb.be/en/classified/new-real-estate-project-apartments/for-sale/hasselt/3500/10739618
https://www.immoweb.be/en/classified/new-real-estate-project-houses/for-sale/roeselare/8800/20665910
https://www.immoweb.be/en/classified/new-real-estate-project-apartments/for-sale/oostende/8400/20691580
https://www.immoweb.be/en/classified/new-real-estate-project-apartments/for-sale/nivelles/1400/20397307
https://www.immoweb.be/en/classified/villa/for-sale/feneur/4607/20807450
https://www.immoweb.be/en/classified/apartment/for-sale/gent/9000/20807448
https://www.immoweb.be/en/classified/house/for-sale/eeklo/9900/20807447
https://www.immoweb.be/en/classified/house/for-sale/izel/6810/20807446
https://www.immoweb.be/en/classified/house/for-sale/hoeilaart/1560/20807445
https://www.immoweb.be/en/classified/villa/for-sale/sint-gillis-waas/9170/20807441
https://www.immoweb.be/en/classified/house/for-sale/ingelmunster/8770/20807438
https://www.immoweb.be/en/classified/apartment/for-sale/roeselare/8800/20807437
https://www.immoweb.be/en/classified/house/for-sale/antwerpen-2020/2020/20807436
https://www.immoweb.be/en/classified/house/for-sale/molenbeek-saint-jean/1080/20807432
https://www.immoweb.be/en/classified/apartment/for-sale/kortrijk/8500/20807431
https://www.immoweb.be/en/classified/penthouse/for-sale/lanaken/3620/20807429
https://www.immoweb.be/en/classified/apartment-block/for-sale/liege/4020/20807427
https://www.immoweb.be/en/classified/house/for-sale/liege-liege/4000/20807426
https://www.immoweb.be/en/classified/apartment/for-sale/knokke/8300/20807425
https://www.immoweb.be/en/classified/house/for-sale/izegem/8870/20807424
https://www.immoweb.be/en/classified/house/for-sale/knokke-zoute/8300/20807423
https://www.immoweb.be/en/classified/apartment/for-sale/bilzen/3740/20807421
https://www.immoweb.be/en/classified/house/for-sale/lebbeke/9280/20734965
https://www.immoweb.be/en/classified/house/for-sale/liege/4000/20807419
https://www.immoweb.be/en/classified/apartment/for-sale/lanaken/3620/20807417
https://www.immoweb.be/en/classified/house/for-sale/ninove/9400/20807416
https://www.immoweb.be/en/classified/house/for-sale/wetteren/9230/20807415
https://www.immoweb.be/en/classified/house/for-sale/frameries/7080/20807410
https://www.immoweb.be/en/classified/house/for-sale/zelzate/9060/20807411
https://www.immoweb.be/en/classified/mansion/for-sale/antwerpen-2000/2000/20807409
https://www.immoweb.be/en/classified/apartment/for-sale/bruxelles/1000/20807408
https://www.immoweb.be/en/classified/house/for-sale/tervuren/3080/10479328
https://www.immoweb.be/en/classified/house/for-sale/courcelles/6180/20807407
https://www.immoweb.be/en/classified/apartment/for-sale/forest/1210/20807406
https://www.immoweb.be/en/classified/apartment/for-sale/gent/9000/20797107
https://www.immoweb.be/en/classified/apartment/for-sale/hasselt/3500/20796412
https://www.immoweb.be/en/classified/apartment/for-sale/bruxelles/1000/20795915
https://www.immoweb.be/en/classified/apartment/for-sale/knokke-heist/8300/20792002
https://www.immoweb.be/en/classified/house/for-sale/neufchateau-warmifontaine/6840/20800161
https://www.immoweb.be/en/classified/house/for-sale/boom/2850/20800792
https://www.immoweb.be/en/classified/bungalow/for-sale/juprelle/4451/20800329
https://www.immoweb.be/en/classified/house/for-sale/ronse/9600/20800555
https://www.immoweb.be/en/classified/house/for-sale/willebroek/2830/20800776
https://www.immoweb.be/en/classified/house/for-sale/rotselaar/3110/20799952
https://www.immoweb.be/en/classified/house/for-sale/rotselaar-wezemaal/3111/20799953
https://www.immoweb.be/en/classified/mansion/for-sale/gent/9000/20799634
https://www.immoweb.be/en/classified/apartment/for-sale/wondelgem/9032/20815328
https://www.immoweb.be/en/classified/flat-studio/for-sale/gent/9000/20814592
https://www.immoweb.be/en/classified/apartment/for-sale/wondelgem/9032/20815299
https://www.immoweb.be/en/classified/apartment/for-sale/gent/9000/20814492
https://www.immoweb.be/en/classified/apartment/for-sale/wondelgem/9032/20815315
https://www.immoweb.be/en/classified/apartment/for-sale/wondelgem/9032/20815286
https://www.immoweb.be/en/classified/apartment/for-sale/wondelgem/9032/20815246
https://www.immoweb.be/en/classified/apartment/for-sale/wondelgem/9032/20815259
https://www.immoweb.be/en/classified/apartment/for-sale/knokke-heist/8300/20815962
https://www.immoweb.be/en/classified/apartment/for-sale/tongeren/3700/20814683
https://www.immoweb.be/en/classified/apartment/for-sale/bruxelles/1000/20811200
https://www.immoweb.be/en/classified/apartment/for-sale/bruxelles/1000/20811043
https://www.immoweb.be/en/classified/apartment/for-sale/duinbergen/8301/20812378
https://www.immoweb.be/en/classified/country-cottage/for-sale/hastiere/5540/20815858
https://www.immoweb.be/en/classified/country-cottage/for-sale/hastiere/5542/20815790
https://www.immoweb.be/en/classified/service-flat/for-sale/heverlee/3001/20784409
https://www.immoweb.be/en/classified/house/for-sale/erpe-mere/9420/20814406
https://www.immoweb.be/en/classified/house/for-sale/lendelede/8860/20812784
https://www.immoweb.be/en/classified/house/for-sale/as/3665/20814391
https://www.immoweb.be/en/classified/villa/for-sale/kortrijk/8510/20814387
https://www.immoweb.be/en/classified/mansion/for-sale/oostende/8400/20814385
https://www.immoweb.be/en/classified/house/for-sale/menen/8930/20814384
https://www.immoweb.be/en/classified/villa/for-sale/de-panne/8660/20814383
https://www.immoweb.be/en/classified/apartment/for-sale/roeselare/8800/20814382
https://www.immoweb.be/en/classified/apartment/for-sale/roeselare/8800/20814380
https://www.immoweb.be/en/classified/apartment/for-sale/roeselare/8800/20814381
https://www.immoweb.be/en/classified/apartment/for-sale/roeselare/8800/20814379
https://www.immoweb.be/en/classified/apartment/for-sale/evere/1140/20598913
https://www.immoweb.be/en/classified/house/for-sale/tienen/3300/20814373
https://www.immoweb.be/en/classified/house/for-sale/florenville/6820/20814370
https://www.immoweb.be/en/classified/apartment-block/for-sale/lisogne/5501/20684292
https://www.immoweb.be/en/classified/house/for-sale/gent/9000/20814365
https://www.immoweb.be/en/classified/apartment/for-sale/ottignies-louvain-la-neuve/1348/20814363
https://www.immoweb.be/en/classified/house/for-sale/vitrival/5070/20814361
https://www.immoweb.be/en/classified/apartment/for-sale/sint-truiden/3800/20814356
https://www.immoweb.be/en/classified/apartment/for-sale/molenbeek-saint-jean/1080/20814353
https://www.immoweb.be/en/classified/apartment/for-sale/molenbeek-saint-jean/1080/20814352
https://www.immoweb.be/en/classified/house/for-sale/wilrijk/2610/20814351
https://www.immoweb.be/en/classified/apartment/for-sale/hoboken/2660/20814350
https://www.immoweb.be/en/classified/apartment/for-sale/hoboken/2660/20814349
https://www.immoweb.be/en/classified/villa/for-sale/braine-lalleud/1420/20814348
https://www.immoweb.be/en/classified/house/for-sale/kortrijk/8501/20814347
https://www.immoweb.be/en/classified/loft/for-sale/ixelles-ixelles/1050/20814345
https://www.immoweb.be/en/classified/villa/for-sale/rhode-saint-genese/1640/20713248
https://www.immoweb.be/en/classified/villa/for-sale/uccle/1180/20721313
https://www.immoweb.be/en/classified/apartment/for-sale/schaerbeek/1030/20814341
https://www.immoweb.be/en/classified/apartment/for-sale/antwerpen-noord/2060/20814337
https://www.immoweb.be/en/classified/house/for-sale/ieper/8900/20814336
https://www.immoweb.be/en/classified/penthouse/for-sale/blankenberge/8370/20812101
https://www.immoweb.be/en/classified/apartment/for-sale/blankenberge/8370/20810648
https://www.immoweb.be/en/classified/ground-floor/for-sale/watermael-boitsfort/1170/20807295
https://www.immoweb.be/en/classified/apartment/for-sale/oostende/8400/20812463
https://www.immoweb.be/en/classified/apartment/for-sale/gent/9000/20807999
https://www.immoweb.be/en/classified/loft/for-sale/sint-niklaas/9100/20806690
https://www.immoweb.be/en/classified/house/for-sale/nassogne/6951/20816222
https://www.immoweb.be/en/classified/triplex/for-sale/schaerbeek/1030/20816783
https://www.immoweb.be/en/classified/apartment/for-sale/evere/1140/20816805
https://www.immoweb.be/en/classified/house/for-sale/sint-maria-lierde/9570/20807373
https://www.immoweb.be/en/classified/house/for-sale/antwerpen/2020/20811306
https://www.immoweb.be/en/classified/house/for-sale/edegem/2650/20809521
https://www.immoweb.be/en/classified/house/for-sale/lebbeke/9280/20810324
https://www.immoweb.be/en/classified/house/for-sale/somme-leuze/5377/20810030
https://www.immoweb.be/en/classified/house/for-sale/liedekerke/1770/20808880
https://www.immoweb.be/en/classified/flat-studio/for-sale/arlon/6700/20805392
https://www.immoweb.be/en/classified/apartment/for-sale/montegnee/4420/20805869
https://www.immoweb.be/en/classified/apartment/for-sale/lochristi/9080/20804101
https://www.immoweb.be/en/classified/apartment/for-sale/oostende/8400/20801573
https://www.immoweb.be/en/classified/apartment/for-sale/deurne/2100/20799075
https://www.immoweb.be/en/classified/apartment/for-sale/uccle/1180/20796122
https://www.immoweb.be/en/classified/apartment/for-sale/bruxelles/1020/20815936
https://www.immoweb.be/en/classified/apartment/for-sale/houthulst/8650/20813937
https://www.immoweb.be/en/classified/house/for-sale/meulebeke/8760/20815262
https://www.immoweb.be/en/classified/house/for-sale/oudenburg/8460/20814422
https://www.immoweb.be/en/classified/apartment/for-sale/mortsel/2640/20816166
https://www.immoweb.be/en/classified/house/for-sale/amay/4540/20815989
https://www.immoweb.be/en/classified/apartment/for-sale/beveren-kruibeke-zwijndrecht/9120/20816036
https://www.immoweb.be/en/classified/duplex/for-sale/beveren-kruibeke-zwijndrecht/9120/20816034
https://www.immoweb.be/en/classified/penthouse/for-sale/beveren-kruibeke-zwijndrecht/9120/20816035
https://www.immoweb.be/en/classified/flat-studio/for-sale/gent/9000/20817755
https://www.immoweb.be/en/classified/apartment-block/for-sale/zelzate/9060/20817756
https://www.immoweb.be/en/classified/house/for-sale/sint-laureins/9980/20817768
https://www.immoweb.be/en/classified/house/for-sale/ertvelde/9940/20817749
https://www.immoweb.be/en/classified/house/for-sale/oostende/8400/20817750
https://www.immoweb.be/en/classified/house/for-sale/nivelles/1400/20817747
https://www.immoweb.be/en/classified/house/for-sale/puurs-sint-amands/2890/20817743
https://www.immoweb.be/en/classified/town-house/for-sale/sint-niklaas/9100/20817742
https://www.immoweb.be/en/classified/apartment/for-sale/leopoldsburg/3971/20817740
https://www.immoweb.be/en/classified/house/for-sale/beringen/3580/20817739
https://www.immoweb.be/en/classified/house/for-sale/heusden-zolder/3550/20817741
https://www.immoweb.be/en/classified/house/for-sale/sint-katelijne-waver/2860/20817738
https://www.immoweb.be/en/classified/apartment/for-sale/etterbeek/1040/20817737
https://www.immoweb.be/en/classified/apartment/for-sale/oostende/8400/20706801
https://www.immoweb.be/en/classified/apartment/for-sale/oostende/8400/20073650
https://www.immoweb.be/en/classified/house/for-sale/mons-lez-liege/4400/20817735
https://www.immoweb.be/en/classified/house/for-sale/colfontaine/7340/20781616
https://www.immoweb.be/en/classified/house/for-sale/bertem/3060/20817731
https://www.immoweb.be/en/classified/house/for-sale/lier/2500/20817730
https://www.immoweb.be/en/classified/apartment/for-sale/duffel/2570/20817729
https://www.immoweb.be/en/classified/apartment/for-sale/liege/4020/20817728
https://www.immoweb.be/en/classified/house/for-sale/maldegem/9990/20817725
https://www.immoweb.be/en/classified/house/for-sale/yvoir/5530/20817724
https://www.immoweb.be/en/classified/house/for-sale/yvoir/5530/20817723
https://www.immoweb.be/en/classified/house/for-sale/kontich/2550/20817722
https://www.immoweb.be/en/classified/apartment-block/for-sale/ixelles/1050/20817720
https://www.immoweb.be/en/classified/apartment/for-sale/gent/9000/20817719
https://www.immoweb.be/en/classified/house/for-sale/liege/4000/20817717
https://www.immoweb.be/en/classified/apartment/for-sale/bocholt/3950/20817714
https://www.immoweb.be/en/classified/house/for-sale/flemalle/4400/20817712
https://www.immoweb.be/en/classified/villa/for-sale/wetteren/9230/20817510
https://www.immoweb.be/en/classified/house/for-sale/woluwe-saint-lambert/1200/20817883
https://www.immoweb.be/en/classified/apartment/for-sale/herstal/4040/20817492
https://www.immoweb.be/en/classified/apartment/for-sale/oupeye/4683/20818216
https://www.immoweb.be/en/classified/penthouse/for-sale/uccle/1180/20818541
https://www.immoweb.be/en/classified/house/for-sale/aalst/9300/20812852
https://www.immoweb.be/en/classified/house/for-sale/roeselare/8800/20811982
https://www.immoweb.be/en/classified/house/for-sale/deurne/2100/20813977
https://www.immoweb.be/en/classified/house/for-sale/ninove/9400/20813301
https://www.immoweb.be/en/classified/house/for-sale/sint-amandsberg/9040/20811234
https://www.immoweb.be/en/classified/house/for-sale/oostkamp/8020/20812905
https://www.immoweb.be/en/classified/house/for-sale/oud-turnhout/2360/20815087
https://www.immoweb.be/en/classified/house/for-sale/galmaarden/1570/20813072
https://www.immoweb.be/en/classified/apartment/for-sale/hoboken/2660/20811900
https://www.immoweb.be/en/classified/apartment/for-sale/deurne/2100/20810457
https://www.immoweb.be/en/classified/apartment/for-sale/deurne/2100/20810446
https://www.immoweb.be/en/classified/apartment/for-sale/berchem/2600/20808060
https://www.immoweb.be/en/classified/apartment/for-sale/uccle/1180/20808019
https://www.immoweb.be/en/classified/apartment/for-sale/destelbergen/9070/20807945
https://www.immoweb.be/en/classified/duplex/for-sale/uccle/1180/20807977
https://www.immoweb.be/en/classified/apartment/for-sale/uccle/1180/20808030
https://www.immoweb.be/en/classified/bungalow/for-sale/grace-hollogne/4460/20803630
https://www.immoweb.be/en/classified/house/for-sale/libramont-chevigny/6800/20801325
https://www.immoweb.be/en/classified/villa/for-sale/blaasveld/2830/20804740
https://www.immoweb.be/en/classified/mansion/for-sale/haacht/3150/20802358
https://www.immoweb.be/en/classified/house/for-sale/poperinge/8970/20816889
https://www.immoweb.be/en/classified/penthouse/for-sale/oostende/8400/20815973
https://www.immoweb.be/en/classified/apartment/for-sale/zeebrugge/8380/20816427
https://www.immoweb.be/en/classified/house/for-sale/opglabbeek/3660/20816777
https://www.immoweb.be/en/classified/apartment-block/for-sale/saint-josse-ten-noode/1210/20816785
https://www.immoweb.be/en/classified/house/for-sale/diksmuide/8600/20818011
https://www.immoweb.be/en/classified/apartment/for-sale/middelkerke/8430/20818009
https://www.immoweb.be/en/classified/apartment/for-sale/neder-over-heembeek/1120/20745732
https://www.immoweb.be/en/classified/house/for-sale/aalst/9300/20818005
https://www.immoweb.be/en/classified/new-real-estate-project-houses/for-sale/aalst/9300/20818004
https://www.immoweb.be/en/classified/house/for-sale/wolvertem/1861/20817998
https://www.immoweb.be/en/classified/apartment/for-sale/middelkerke/8430/20817996
https://www.immoweb.be/en/classified/house/for-sale/blankenberge/8370/20817994
https://www.immoweb.be/en/classified/house/for-sale/kortrijk/8500/20817992
https://www.immoweb.be/en/classified/apartment/for-sale/namur/5000/20817991
https://www.immoweb.be/en/classified/apartment/for-sale/namur/5000/20817990
https://www.immoweb.be/en/classified/duplex/for-sale/gentbrugge/9050/20817988
https://www.immoweb.be/en/classified/house/for-sale/gent/9000/20817989
https://www.immoweb.be/en/classified/house/for-sale/brugge/8000/20817986
https://www.immoweb.be/en/classified/apartment/for-sale/zulte/9870/20817985
https://www.immoweb.be/en/classified/house/for-sale/melden/9700/20817983
https://www.immoweb.be/en/classified/house/for-sale/bonheiden/2820/20817981
https://www.immoweb.be/en/classified/duplex/for-sale/soumagne/4630/20678248
https://www.immoweb.be/en/classified/apartment/for-sale/soumagne/4630/20678251
https://www.immoweb.be/en/classified/ground-floor/for-sale/antwerpen/2000/20817972
https://www.immoweb.be/en/classified/duplex/for-sale/mont-saint-guibert/1435/20817969
https://www.immoweb.be/en/classified/house/for-sale/aalst-nieuwerkerken/9320/20817967
https://www.immoweb.be/en/classified/villa/for-sale/beersel/1650/20817966
https://www.immoweb.be/en/classified/apartment/for-sale/ieper/8900/20817965
https://www.immoweb.be/en/classified/house/for-sale/opheylissem/1357/20817963
https://www.immoweb.be/en/classified/apartment/for-sale/de-panne/8660/20817962
https://www.immoweb.be/en/classified/apartment/for-sale/borgerhout/2140/20817957
https://www.immoweb.be/en/classified/loft/for-sale/colfontaine/7340/20757610
https://www.immoweb.be/en/classified/house/for-sale/wavre/1300/20817952
https://www.immoweb.be/en/classified/apartment-block/for-sale/wavre/1300/20817950
https://www.immoweb.be/en/classified/new-real-estate-project-apartments/for-sale/ichtegem/8480/11463652
https://www.immoweb.be/en/classified/new-real-estate-project-apartments/for-sale/ieper/8900/20674056
https://www.immoweb.be/en/classified/new-real-estate-project-apartments/for-sale/beveren/9120/11250200
https://www.immoweb.be/en/classified/new-real-estate-project-apartments/for-sale/oudenaarde/9700/11430253
https://www.immoweb.be/en/classified/new-real-estate-project-houses/for-sale/kuurne/8520/11196075
https://www.immoweb.be/en/classified/new-real-estate-project-apartments/for-sale/kinrooi/3640/20733539
https://www.immoweb.be/en/classified/new-real-estate-project-apartments/for-sale/aalter/9880/20621685
https://www.immoweb.be/en/classified/new-real-estate-project-houses/for-sale/estaimbourg/7730/20512951
https://www.immoweb.be/en/classified/new-real-estate-project-apartments/for-sale/lier/2500/20607228
https://www.immoweb.be/en/classified/new-real-estate-project-apartments/for-sale/mortsel/2640/20411810
https://www.immoweb.be/en/classified/new-real-estate-project-houses/for-sale/paliseul/6850/20564110
https://www.immoweb.be/en/classified/new-real-estate-project-apartments/for-sale/borsbeek/2150/11419586
https://www.immoweb.be/en/classified/new-real-estate-project-apartments/for-sale/werchter/3118/20104192
https://www.immoweb.be/en/classified/new-real-estate-project-apartments/for-sale/bertrix/6880/20117837
https://www.immoweb.be/en/classified/new-real-estate-project-houses/for-sale/habay-la-neuve/6720/20288312
https://www.immoweb.be/en/classified/new-real-estate-project-apartments/for-sale/oostende/8400/9485174
https://www.immoweb.be/en/classified/new-real-estate-project-apartments/for-sale/deinze/9800/20623803
https://www.immoweb.be/en/classified/new-real-estate-project-apartments/for-sale/puurs/2870/10409536
https://www.immoweb.be/en/classified/new-real-estate-project-houses/for-sale/roeselare/8800/20637473
https://www.immoweb.be/en/classified/new-real-estate-project-apartments/for-sale/izegem/8870/11471221
https://www.immoweb.be/en/classified/new-real-estate-project-apartments/for-sale/halen/3545/20275531
https://www.immoweb.be/en/classified/new-real-estate-project-apartments/for-sale/mons/7000/20734442
https://www.immoweb.be/en/classified/new-real-estate-project-houses/for-sale/neerwaasten/7784/11002840
https://www.immoweb.be/en/classified/new-real-estate-project-apartments/for-sale/auderghem/1160/20458870
https://www.immoweb.be/en/classified/new-real-estate-project-apartments/for-sale/ukkel/1180/20239115
https://www.immoweb.be/en/classified/new-real-estate-project-apartments/for-sale/woluwe-saint-lambert/1200/20615130
https://www.immoweb.be/en/classified/new-real-estate-project-apartments/for-sale/hasselt/3500/11161142
https://www.immoweb.be/en/classified/new-real-estate-project-houses/for-sale/moeskroen/7700/11015204
https://www.immoweb.be/en/classified/new-real-estate-project-apartments/for-sale/lichtervelde/8810/11410184
https://www.immoweb.be/en/classified/new-real-estate-project-apartments/for-sale/zedelgem/8210/20373928
https://www.immoweb.be/en/classified/house/for-sale/soignies/7060/20807299
https://www.immoweb.be/en/classified/house/for-sale/tongres/3700/20807298
https://www.immoweb.be/en/classified/bungalow/for-sale/geel/2440/20807296
https://www.immoweb.be/en/classified/apartment/for-sale/antwerpen/2000/20788806
https://www.immoweb.be/en/classified/apartment/for-sale/wilrijk/2610/20716658
https://www.immoweb.be/en/classified/mixed-use-building/for-sale/edegem/2650/20695450
https://www.immoweb.be/en/classified/duplex/for-sale/kontich/2550/20660159
https://www.immoweb.be/en/classified/ground-floor/for-sale/watermael-boitsfort/1170/20807295
https://www.immoweb.be/en/classified/apartment/for-sale/ixelles/1050/20807290
https://www.immoweb.be/en/classified/apartment/for-sale/flemalle/4400/20807287
https://www.immoweb.be/en/classified/house/for-sale/cerfontaine/5630/20807288
https://www.immoweb.be/en/classified/duplex/for-sale/ixelles/1050/20807284
https://www.immoweb.be/en/classified/apartment/for-sale/westerlo/2260/20807282
https://www.immoweb.be/en/classified/villa/for-sale/schilde/2970/20807286
https://www.immoweb.be/en/classified/apartment/for-sale/zoerle-parwijs/2260/20807283
https://www.immoweb.be/en/classified/house/for-sale/geel/2440/20807279
https://www.immoweb.be/en/classified/apartment/for-sale/geel/2440/20807280
https://www.immoweb.be/en/classified/house/for-sale/geel/2440/20807281
https://www.immoweb.be/en/classified/house/for-sale/westerlo/2260/20807278
https://www.immoweb.be/en/classified/apartment/for-sale/geel/2440/20807285
https://www.immoweb.be/en/classified/house/for-sale/westerlo/2260/20807277
https://www.immoweb.be/en/classified/duplex/for-sale/duffel/2570/20807217
https://www.immoweb.be/en/classified/house/for-sale/profondeville/5170/20797495
https://www.immoweb.be/en/classified/apartment/for-sale/schaerbeek/1030/20807188
https://www.immoweb.be/en/classified/house/for-sale/mol/2400/20797455
https://www.immoweb.be/en/classified/house/for-sale/heusden-zolder/3550/20805804
https://www.immoweb.be/en/classified/house/for-sale/muizen/2812/20807180
https://www.immoweb.be/en/classified/house/for-sale/uccle/1180/20807179
https://www.immoweb.be/en/classified/house/for-sale/seraing/4100/20807172
https://www.immoweb.be/en/classified/apartment/for-sale/liege/4000/20807171
https://www.immoweb.be/en/classified/apartment/for-sale/waregem-sint-eloois-vijve/8793/20816834
https://www.immoweb.be/en/classified/penthouse/for-sale/anderlecht/1070/20741824
https://www.immoweb.be/en/classified/house/for-sale/koersel/3582/20812021
https://www.immoweb.be/en/classified/apartment/for-sale/sint-niklaas/9100/20790672
https://www.immoweb.be/en/classified/apartment/for-sale/waterloo/1410/20790343
https://www.immoweb.be/en/classified/apartment/for-sale/aalst-9300/9300/20786679
https://www.immoweb.be/en/classified/apartment/for-sale/oostkamp/8020/20790295
https://www.immoweb.be/en/classified/house/for-sale/blankenberge/8370/20815402
https://www.immoweb.be/en/classified/house/for-sale/turnhout/2300/20794857
https://www.immoweb.be/en/classified/house/for-sale/habay/6724/20794956
https://www.immoweb.be/en/classified/bungalow/for-sale/schilde/2970/20793550
https://www.immoweb.be/en/classified/mansion/for-sale/ixelles/1050/20790180
https://www.immoweb.be/en/classified/flat-studio/for-sale/forest/1190/20803896
https://www.immoweb.be/en/classified/apartment/for-sale/geel/2440/20807524
https://www.immoweb.be/en/classified/apartment/for-sale/ixelles/1050/20805540
https://www.immoweb.be/en/classified/new-real-estate-project-apartments/for-sale/bruxelles/1000/20577626
https://www.immoweb.be/en/classified/new-real-estate-project-apartments/for-sale/namur/5000/20770196
https://www.immoweb.be/en/classified/new-real-estate-project-apartments/for-sale/zedelgem/8211/20652781
https://www.immoweb.be/en/classified/new-real-estate-project-apartments/for-sale/anderlecht/1070/20771177
https://www.immoweb.be/en/classified/new-real-estate-project-apartments/for-sale/evere/1140/20725498
https://www.immoweb.be/en/classified/new-real-estate-project-apartments/for-sale/fernelmont-cortil-wodon/5380/20765567
https://www.immoweb.be/en/classified/new-real-estate-project-apartments/for-sale/woluwe-saint-lambert/1200/20767107
https://www.immoweb.be/en/classified/new-real-estate-project-apartments/for-sale/sinaai/9112/20756735
https://www.immoweb.be/en/classified/new-real-estate-project-apartments/for-sale/chaudfontaine/4050/20773719
https://www.immoweb.be/en/classified/new-real-estate-project-apartments/for-sale/mettet/5640/20757561
https://www.immoweb.be/en/classified/new-real-estate-project-apartments/for-sale/begijnendijk-betekom/3130/20741709
https://www.immoweb.be/en/classified/new-real-estate-project-apartments/for-sale/brussel/1000/20766381
https://www.immoweb.be/en/classified/new-real-estate-project-apartments/for-sale/brussel/1000/20766379
https://www.immoweb.be/en/classified/new-real-estate-project-apartments/for-sale/wavre/1300/20780632
https://www.immoweb.be/en/classified/new-real-estate-project-apartments/for-sale/wavre/1301/20780543
https://www.immoweb.be/en/classified/apartment/for-sale/antwerpen/2018/20814298
https://www.immoweb.be/en/classified/apartment/for-sale/antwerpen/2060/20814301
https://www.immoweb.be/en/classified/apartment/for-sale/antwerpen/2060/20814304
https://www.immoweb.be/en/classified/apartment/for-sale/ciney/5590/20814719
https://www.immoweb.be/en/classified/house/for-sale/limal/1300/20814718
https://www.immoweb.be/en/classified/villa/for-sale/braine-lalleud/1420/20814717
https://www.immoweb.be/en/classified/apartment/for-sale/maldegem/9990/20814716
https://www.immoweb.be/en/classified/duplex/for-sale/eeklo/9900/20814715
https://www.immoweb.be/en/classified/villa/for-sale/chimay/6460/20814714
https://www.immoweb.be/en/classified/house/for-sale/warchin/7548/20814713
https://www.immoweb.be/en/classified/apartment/for-sale/sint-kruis/8310/20814703
https://www.immoweb.be/en/classified/house/for-sale/vilvoorde/1800/20788443
https://www.immoweb.be/en/classified/house/for-sale/schaerbeek/1030/20814700
https://www.immoweb.be/en/classified/villa/for-sale/uccle/1180/20814699
https://www.immoweb.be/en/classified/villa/for-sale/marke/8510/20814698
https://www.immoweb.be/en/classified/house/for-sale/ieper/8900/20814697
https://www.immoweb.be/en/classified/apartment/for-sale/blankenberge/8370/20814696
https://www.immoweb.be/en/classified/house/for-sale/vilvoorde/1800/20814695
https://www.immoweb.be/en/classified/apartment-block/for-sale/bruxelles/1000/20814691
https://www.immoweb.be/en/classified/house/for-sale/wervik/8940/20814689
https://www.immoweb.be/en/classified/house/for-sale/kortrijk/8500/20814685
https://www.immoweb.be/en/classified/apartment/for-sale/tongeren/3700/20814683
https://www.immoweb.be/en/classified/house/for-sale/hasselt/3500/20814684
https://www.immoweb.be/en/classified/apartment/for-sale/genk/3600/20814682
https://www.immoweb.be/en/classified/flat-studio/for-sale/hasselt/3500/20814681
https://www.immoweb.be/en/classified/house/for-sale/beringen/3580/20814679
https://www.immoweb.be/en/classified/villa/for-sale/marke/8510/20814678
https://www.immoweb.be/en/classified/house/for-sale/jabbeke/8490/20814676
https://www.immoweb.be/en/classified/flat-studio/for-sale/de-panne/8660/20814674
https://www.immoweb.be/en/classified/penthouse/for-sale/bruxelles/1000/20814672
https://www.immoweb.be/en/classified/house/for-sale/rochefort/5580/20784310
https://www.immoweb.be/en/classified/house/for-sale/vilvoorde/1800/20783224
https://www.immoweb.be/en/classified/exceptional-property/for-sale/harelbeke-bavikhove/8531/20784948
https://www.immoweb.be/en/classified/apartment-block/for-sale/watermael-boitsfort/1170/20782968
https://www.immoweb.be/en/classified/duplex/for-sale/orp-jauche/1350/20803760
https://www.immoweb.be/en/classified/house/for-sale/saint-nicolas/4420/20818514
https://www.immoweb.be/en/classified/house/for-sale/gent/9000/20817115
https://www.immoweb.be/en/classified/house/for-sale/brugge/8000/20818092
https://www.immoweb.be/en/classified/house/for-sale/kluisbergen/9690/20818283
https://www.immoweb.be/en/classified/villa/for-sale/opwijk-mazenzele/1745/20818111
https://www.immoweb.be/en/classified/mixed-use-building/for-sale/uccle/1180/20817695
https://www.immoweb.be/en/classified/house/for-sale/schaerbeek/1030/20817445
https://www.immoweb.be/en/classified/apartment/for-sale/ranst/2520/20818124
https://www.immoweb.be/en/classified/apartment/for-sale/middelkerke/8430/20817281
https://www.immoweb.be/en/classified/apartment/for-sale/opwijk/1745/20818110
https://www.immoweb.be/en/classified/house/for-sale/schoten/2900/20799409
https://www.immoweb.be/en/classified/apartment/for-sale/antwerpen/2020/20771700
https://www.immoweb.be/en/classified/apartment/for-sale/woluwe-saint-lambert/1200/20770623
https://www.immoweb.be/en/classified/penthouse/for-sale/woluwe-saint-lambert/1200/20758922
https://www.immoweb.be/en/classified/apartment/for-sale/brakel/9660/20791270
https://www.immoweb.be/en/classified/apartment/for-sale/borgerhout/2140/20794082
https://www.immoweb.be/en/classified/apartment/for-sale/brakel/9660/20791252
https://www.immoweb.be/en/classified/apartment/for-sale/ans/4430/20793597
https://www.immoweb.be/en/classified/apartment/for-sale/oostrozebeke/8780/20791263
https://www.immoweb.be/en/classified/apartment/for-sale/deurne/2100/20794483
https://www.immoweb.be/en/classified/apartment/for-sale/borgerhout/2140/20794084
https://www.immoweb.be/en/classified/apartment/for-sale/jette/1090/20790276
https://www.immoweb.be/en/classified/apartment/for-sale/evere/1140/20790837
https://www.immoweb.be/en/classified/villa/for-sale/oud-turnhout/2360/20816826
https://www.immoweb.be/en/classified/flat-studio/for-sale/liege/4000/20808861
https://www.immoweb.be/en/classified/house/for-sale/ronse/9600/20813249
https://www.immoweb.be/en/classified/house/for-sale/ath/7800/20813247
https://www.immoweb.be/en/classified/house/for-sale/beringen/3580/20748386
https://www.immoweb.be/en/classified/house/for-sale/saint-leger/6747/20813243
https://www.immoweb.be/en/classified/villa/for-sale/londerzeel/1840/20813242
https://www.immoweb.be/en/classified/house/for-sale/meerbeke/9402/20813241
https://www.immoweb.be/en/classified/apartment/for-sale/ixelles/1050/20813239
https://www.immoweb.be/en/classified/duplex/for-sale/schilde/2970/20813238
https://www.immoweb.be/en/classified/house/for-sale/saint-ghislain/7333/20480309
https://www.immoweb.be/en/classified/house/for-sale/saint-ghislain/7330/20797764
https://www.immoweb.be/en/classified/house/for-sale/oupeye/4680/20813234
https://www.immoweb.be/en/classified/apartment/for-sale/sint-genesius-rode/1640/20813233
https://www.immoweb.be/en/classified/apartment/for-sale/anderlecht/1070/20813232
https://www.immoweb.be/en/classified/house/for-sale/hingeon/5380/20813230
https://www.immoweb.be/en/classified/house/for-sale/merchtem/1785/20813228
https://www.immoweb.be/en/classified/town-house/for-sale/moustier-sur-sambre/5190/20813225
https://www.immoweb.be/en/classified/duplex/for-sale/chatelineau/6200/20813218
https://www.immoweb.be/en/classified/apartment/for-sale/merksem/2170/20813217
https://www.immoweb.be/en/classified/house/for-sale/schoten/2900/20813216
https://www.immoweb.be/en/classified/duplex/for-sale/tongeren-borgloon/3840/20813212
https://www.immoweb.be/en/classified/loft/for-sale/rebecq/1430/20813211
https://www.immoweb.be/en/classified/villa/for-sale/lasne/1380/20813210
https://www.immoweb.be/en/classified/house/for-sale/beringen/3580/20813209
https://www.immoweb.be/en/classified/house/for-sale/momignies/6596/20787745
https://www.immoweb.be/en/classified/apartment/for-sale/charleroi/6000/20813202
https://www.immoweb.be/en/classified/apartment/for-sale/bois-de-villers/5170/20813200
https://www.immoweb.be/en/classified/house/for-sale/chiny/6810/20813199
https://www.immoweb.be/en/classified/villa/for-sale/ravels/2380/20813198
https://www.immoweb.be/en/classified/house/for-sale/machelen/1831/20813196
https://www.immoweb.be/en/classified/house/for-sale/maffe/5374/20813195
https://www.immoweb.be/en/classified/house/for-sale/ronquieres/7090/20804342
https://www.immoweb.be/en/classified/house/for-sale/retie/2470/20803079
https://www.immoweb.be/en/classified/house/for-sale/gierle/2275/20803653
https://www.immoweb.be/en/classified/house/for-sale/wetteren/9230/20801438
https://www.immoweb.be/en/classified/house/for-sale/liege/4000/20802198
https://www.immoweb.be/en/classified/house/for-sale/oosterzele/9860/20801772
https://www.immoweb.be/en/classified/house/for-sale/zottegem/9620/20802366
https://www.immoweb.be/en/classified/apartment/for-sale/antwerpen/2018/20808865
https://www.immoweb.be/en/classified/apartment/for-sale/middelkerke/8430/20805872
https://www.immoweb.be/en/classified/apartment/for-sale/gent/9000/20802828
https://www.immoweb.be/en/classified/ground-floor/for-sale/woluwe-saint-lambert/1200/20801985
https://www.immoweb.be/en/classified/penthouse/for-sale/oostende/8400/20802907
https://www.immoweb.be/en/classified/apartment/for-sale/sint-niklaas/9100/20804835
https://www.immoweb.be/en/classified/apartment/for-sale/antwerpen/2020/20774276
https://www.immoweb.be/en/classified/house/for-sale/kortemark/8610/20816335
https://www.immoweb.be/en/classified/house/for-sale/hoboken/2660/20817047
https://www.immoweb.be/en/classified/house/for-sale/sint-katelijne-waver/2860/20816638
https://www.immoweb.be/en/classified/house/for-sale/ronse/9600/20799482
https://www.immoweb.be/en/classified/house/for-sale/herstal/4040/20797406
https://www.immoweb.be/en/classified/apartment/for-sale/sint-kruis/8310/20795607
https://www.immoweb.be/en/classified/apartment/for-sale/anderlecht/1070/20798026
https://www.immoweb.be/en/classified/duplex/for-sale/ixelles/1050/20796359
https://www.immoweb.be/en/classified/house/for-sale/hasselt/3500/20798517
https://www.immoweb.be/en/classified/apartment/for-sale/oostende/8400/20797111
https://www.immoweb.be/en/classified/apartment-block/for-sale/deurne/2100/20799425
https://www.immoweb.be/en/classified/house/for-sale/jabbeke/8490/20799374
https://www.immoweb.be/en/classified/apartment/for-sale/gent/9000/20796863
https://www.immoweb.be/en/classified/apartment/for-sale/oostende/8400/20813915
https://www.immoweb.be/en/classified/apartment/for-sale/de-haan/8420/20816086
https://www.immoweb.be/en/classified/apartment/for-sale/harelbeke/8530/20815493
https://www.immoweb.be/en/classified/house/for-sale/sterrebeek/1933/20814032
https://www.immoweb.be/en/classified/house/for-sale/genk/3600/20814031
https://www.immoweb.be/en/classified/villa/for-sale/tervuren/3080/20814028
https://www.immoweb.be/en/classified/house/for-sale/heestert/8551/20814027
https://www.immoweb.be/en/classified/house/for-sale/sint-niklaas/9100/20814025
https://www.immoweb.be/en/classified/house/for-sale/stabroek/2940/20814026
https://www.immoweb.be/en/classified/apartment-block/for-sale/lodelinsart/6042/20814023
https://www.immoweb.be/en/classified/house/for-sale/zwijndrecht/2070/20814024
https://www.immoweb.be/en/classified/apartment/for-sale/kapellen/2950/20814020
https://www.immoweb.be/en/classified/apartment/for-sale/antwerpen/2000/20814019
https://www.immoweb.be/en/classified/house/for-sale/antwerpen/2060/20814017
https://www.immoweb.be/en/classified/house/for-sale/hoboken/2660/20814014
https://www.immoweb.be/en/classified/mixed-use-building/for-sale/antwerpen/2060/20814015
https://www.immoweb.be/en/classified/house/for-sale/hemiksem/2620/20814011
https://www.immoweb.be/en/classified/house/for-sale/niel/2845/20814016
https://www.immoweb.be/en/classified/ground-floor/for-sale/deurne/2100/20814012
https://www.immoweb.be/en/classified/apartment/for-sale/sint-niklaas/9100/20814010
https://www.immoweb.be/en/classified/house/for-sale/burcht/2070/20814009
https://www.immoweb.be/en/classified/mixed-use-building/for-sale/wetteren/9230/20814008
https://www.immoweb.be/en/classified/apartment/for-sale/hoboken/2660/20814007
https://www.immoweb.be/en/classified/apartment/for-sale/gent/9000/20814002
https://www.immoweb.be/en/classified/house/for-sale/tongeren-borgloon/3700/20814001
https://www.immoweb.be/en/classified/house/for-sale/tongeren-borgloon/3700/20814000
https://www.immoweb.be/en/classified/house/for-sale/morlanwelz/7141/20813998
https://www.immoweb.be/en/classified/house/for-sale/lanaken/3620/20813996
https://www.immoweb.be/en/classified/house/for-sale/heist-aan-zee/8301/20813994
https://www.immoweb.be/en/classified/apartment/for-sale/nieuwpoort/8620/20813993
https://www.immoweb.be/en/classified/duplex/for-sale/brussels/1000/20813990
https://www.immoweb.be/en/classified/apartment/for-sale/deurne/2100/20813989
https://www.immoweb.be/en/classified/house/for-sale/beaumont/6500/20813988
https://www.immoweb.be/en/classified/duplex/for-sale/knokke/8300/20817841
https://www.immoweb.be/en/classified/new-real-estate-project-apartments/for-sale/oostkamp/8020/20813118
https://www.immoweb.be/en/classified/new-real-estate-project-apartments/for-sale/oostkamp/8020/20812668
https://www.immoweb.be/en/classified/new-real-estate-project-apartments/for-sale/lier/2500/20812711
https://www.immoweb.be/en/classified/new-real-estate-project-apartments/for-sale/laeken/1020/20815444
https://www.immoweb.be/en/classified/new-real-estate-project-apartments/for-sale/gent/9000/20809915
https://www.immoweb.be/en/classified/new-real-estate-project-apartments/for-sale/zandhoven/2240/20814073
https://www.immoweb.be/en/classified/new-real-estate-project-apartments/for-sale/gent/9000/20809667
https://www.immoweb.be/en/classified/new-real-estate-project-apartments/for-sale/oudenaarde/9700/20811145
https://www.immoweb.be/en/classified/new-real-estate-project-houses/for-sale/bekkevoort/3460/20808980
https://www.immoweb.be/en/classified/new-real-estate-project-apartments/for-sale/ukkel/1180/20815566
https://www.immoweb.be/en/classified/new-real-estate-project-apartments/for-sale/brussels/1000/20809831
https://www.immoweb.be/en/classified/new-real-estate-project-apartments/for-sale/schaerbeek/1030/20810741
https://www.immoweb.be/en/classified/new-real-estate-project-apartments/for-sale/saint-josse-ten-noode/1210/20811103
https://www.immoweb.be/en/classified/new-real-estate-project-apartments/for-sale/gent/9000/20813739
https://www.immoweb.be/en/classified/new-real-estate-project-apartments/for-sale/gent/9051/20813734
https://www.immoweb.be/en/classified/new-real-estate-project-apartments/for-sale/brugge/8000/20809993
https://www.immoweb.be/en/classified/new-real-estate-project-apartments/for-sale/brugge/8000/20809981
https://www.immoweb.be/en/classified/new-real-estate-project-apartments/for-sale/evere/1140/20813091
https://www.immoweb.be/en/classified/new-real-estate-project-houses/for-sale/melsele/9120/20815284
https://www.immoweb.be/en/classified/new-real-estate-project-apartments/for-sale/uccle/1180/20810662
https://www.immoweb.be/en/classified/new-real-estate-project-apartments/for-sale/uccle/1180/20811651
https://www.immoweb.be/en/classified/new-real-estate-project-houses/for-sale/westerlo/2260/20812592
https://www.immoweb.be/en/classified/new-real-estate-project-apartments/for-sale/court-st-etienne/1490/20813558
https://www.immoweb.be/en/classified/new-real-estate-project-apartments/for-sale/destelbergen/9070/20811152
https://www.immoweb.be/en/classified/new-real-estate-project-apartments/for-sale/uccle/1180/20811004
https://www.immoweb.be/en/classified/new-real-estate-project-apartments/for-sale/oudergem/1160/20815558
https://www.immoweb.be/en/classified/new-real-estate-project-houses/for-sale/haasrode/3053/20812460
https://www.immoweb.be/en/classified/new-real-estate-project-apartments/for-sale/elsene/1050/20815559
https://www.immoweb.be/en/classified/apartment/for-sale/deurne/2100/20810452
https://www.immoweb.be/en/classified/house/for-sale/gullegem/8560/20818637
https://www.immoweb.be/en/classified/apartment-block/for-sale/dinant/5500/20818636
https://www.immoweb.be/en/classified/mixed-use-building/for-sale/dinant/5500/20818635
https://www.immoweb.be/en/classified/house/for-sale/hemiksem/2620/20818633
https://www.immoweb.be/en/classified/house/for-sale/ransart/6043/20818628
https://www.immoweb.be/en/classified/apartment/for-sale/brugge/8200/20818627
https://www.immoweb.be/en/classified/apartment-block/for-sale/antwerpen/2018/20818624
https://www.immoweb.be/en/classified/house/for-sale/wetteren/9230/20818623
https://www.immoweb.be/en/classified/house/for-sale/nechin/7730/20818622
https://www.immoweb.be/en/classified/house/for-sale/kain/7540/20818621
https://www.immoweb.be/en/classified/house/for-sale/roeselare/8800/20818620
https://www.immoweb.be/en/classified/house/for-sale/ledeberg/9050/20818618
https://www.immoweb.be/en/classified/house/for-sale/boechout/2530/20818617
https://www.immoweb.be/en/classified/house/for-sale/de-panne/8660/20818616
https://www.immoweb.be/en/classified/apartment/for-sale/de-panne/8660/20818615
https://www.immoweb.be/en/classified/apartment/for-sale/brugge/8200/20818614
https://www.immoweb.be/en/classified/house/for-sale/merksem/2170/20818611
https://www.immoweb.be/en/classified/duplex/for-sale/uccle/1180/20818610
https://www.immoweb.be/en/classified/house/for-sale/heist-op-den-berg/2220/20818605
https://www.immoweb.be/en/classified/apartment/for-sale/heist-op-den-berg/2220/20818604
https://www.immoweb.be/en/classified/house/for-sale/hulshout/2235/20818608
https://www.immoweb.be/en/classified/house/for-sale/westmeerbeek/2235/20818613
https://www.immoweb.be/en/classified/house/for-sale/heist-op-den-berg/2220/20818607
https://www.immoweb.be/en/classified/apartment/for-sale/brugge/8200/20818601
https://www.immoweb.be/en/classified/apartment/for-sale/blankenberge/8370/20818600
https://www.immoweb.be/en/classified/apartment/for-sale/laken/1020/20816610
https://www.immoweb.be/en/classified/apartment/for-sale/elsene/1050/20719629
https://www.immoweb.be/en/classified/apartment/for-sale/elsene/1050/20804581
https://www.immoweb.be/en/classified/house/for-sale/lille/2275/20818599
https://www.immoweb.be/en/classified/mansion/for-sale/lille/2275/20818597
https://www.immoweb.be/en/classified/apartment/for-sale/liege/4000/20803965
https://www.immoweb.be/en/classified/apartment/for-sale/molenbeek-saint-jean/1080/20804789
https://www.immoweb.be/en/classified/apartment/for-sale/gent/9000/20804343
https://www.immoweb.be/en/classified/apartment/for-sale/antwerpen/2000/20804303
https://www.immoweb.be/en/classified/loft/for-sale/koekelberg/1081/20804734
https://www.immoweb.be/en/classified/house/for-sale/huy/4500/20801203
https://www.immoweb.be/en/classified/house/for-sale/aartselaar/2630/20800790
https://www.immoweb.be/en/classified/house/for-sale/willebroek/2830/20800756
https://www.immoweb.be/en/classified/bungalow/for-sale/duffel/2570/20800789
https://www.immoweb.be/en/classified/house/for-sale/duffel/2570/20800752
https://www.immoweb.be/en/classified/house/for-sale/liege/4020/20689040
https://www.immoweb.be/en/classified/house/for-sale/liege/4020/20764322
https://www.immoweb.be/en/classified/house/for-sale/vise/4601/20739297
https://www.immoweb.be/en/classified/house/for-sale/verviers/4800/20778871
https://www.immoweb.be/en/classified/house/for-sale/seraing/4100/20674652
https://www.immoweb.be/en/classified/house/for-sale/seraing/4100/20662892
https://www.immoweb.be/en/classified/bungalow/for-sale/soumagne/4630/20723899
https://www.immoweb.be/en/classified/apartment/for-sale/ixelles/1050/20629465
https://www.immoweb.be/en/classified/house/for-sale/jemeppe-sur-sambre/5190/20546734
https://www.immoweb.be/en/classified/house/for-sale/tilff/4130/20690898
https://www.immoweb.be/en/classified/house/for-sale/bievre-naome/5555/20674296
https://www.immoweb.be/en/classified/house/for-sale/grace-hollogne/4460/20690829
https://www.immoweb.be/en/classified/house/for-sale/montegnee/4420/20672540
https://www.immoweb.be/en/classified/house/for-sale/ronse/9600/20774981
https://www.immoweb.be/en/classified/house/for-sale/waterloo/1410/20747028
https://www.immoweb.be/en/classified/mixed-use-building/for-sale/forest/1190/20661400
https://www.immoweb.be/en/classified/house/for-sale/kraainem/1950/20727615
https://www.immoweb.be/en/classified/house/for-sale/musson/6750/20781160
https://www.immoweb.be/en/classified/apartment/for-sale/woluwe-saint-pierre-sint-pieters-woluwe/1150/20816253
https://www.immoweb.be/en/classified/apartment/for-sale/gent/9000/20797619
https://www.immoweb.be/en/classified/villa/for-sale/rixensart/1330/20813934
https://www.immoweb.be/en/classified/apartment/for-sale/houthulst/8650/20813933
https://www.immoweb.be/en/classified/apartment-block/for-sale/antwerpen/2060/20813931
https://www.immoweb.be/en/classified/kot/for-sale/antwerpen/2060/20813942
https://www.immoweb.be/en/classified/kot/for-sale/antwerpen/2060/20813930
https://www.immoweb.be/en/classified/villa/for-sale/deinze/9800/20813940
https://www.immoweb.be/en/classified/apartment/for-sale/ronse/9600/20813928
https://www.immoweb.be/en/classified/house/for-sale/brugge/8000/20813925
https://www.immoweb.be/en/classified/house/for-sale/jumet/6040/20813935
https://www.immoweb.be/en/classified/house/for-sale/jumet/6040/20813924
https://www.immoweb.be/en/classified/house/for-sale/charleroi-gilly/6000/20371905
https://www.immoweb.be/en/classified/house/for-sale/knokke-heist/8300/20813923
https://www.immoweb.be/en/classified/apartment/for-sale/genk/3600/20813922
https://www.immoweb.be/en/classified/house/for-sale/lommel/3920/20813919
https://www.immoweb.be/en/classified/apartment/for-sale/oostende/8400/20813915
https://www.immoweb.be/en/classified/house/for-sale/lokeren/9160/20813914
https://www.immoweb.be/en/classified/villa/for-sale/ninove/9400/20813913
https://www.immoweb.be/en/classified/house/for-sale/lo-reninge/8647/20813912
https://www.immoweb.be/en/classified/apartment/for-sale/evere/1140/20813908
https://www.immoweb.be/en/classified/house/for-sale/antwerpen-2060/2060/20813905
https://www.immoweb.be/en/classified/house/for-sale/tongeren/3700/20813901
https://www.immoweb.be/en/classified/villa/for-sale/beaufays/4052/20813900
https://www.immoweb.be/en/classified/house/for-sale/zaventem-sterrebeek/1933/20813898
https://www.immoweb.be/en/classified/penthouse/for-sale/gent/9000/20813896
https://www.immoweb.be/en/classified/apartment/for-sale/heist-op-den-berg/2220/20813895
https://www.immoweb.be/en/classified/apartment/for-sale/knokke-heist/8300/20813893
https://www.immoweb.be/en/classified/house/for-sale/leuven/3000/20813892
https://www.immoweb.be/en/classified/house/for-sale/dendermonde/9200/20813891
https://www.immoweb.be/en/classified/house/for-sale/ravels-poppel/2382/20813890
https://www.immoweb.be/en/classified/house/for-sale/tisselt/2830/20813889
https://www.immoweb.be/en/classified/villa/for-sale/wavre/1300/20701378
https://www.immoweb.be/en/classified/villa/for-sale/wavre/1300/20419972
https://www.immoweb.be/en/classified/villa/for-sale/wavre/1300/20639385
https://www.immoweb.be/en/classified/villa/for-sale/bierges/1301/20639384
https://www.immoweb.be/en/classified/mixed-use-building/for-sale/bruxelles/1060/20383948
https://www.immoweb.be/en/classified/house/for-sale/durbuy/6940/20717661
https://www.immoweb.be/en/classified/house/for-sale/durbuy/6940/20715986
https://www.immoweb.be/en/classified/house/for-sale/gentbrugge/9050/20801137
https://www.immoweb.be/en/classified/house/for-sale/gentbrugge/9050/20801136
https://www.immoweb.be/en/classified/apartment/for-sale/auderghem/1160/20678189
https://www.immoweb.be/en/classified/apartment/for-sale/watermael-boitsfort/1170/20678115
https://www.immoweb.be/en/classified/house/for-sale/mont/5530/20801452
https://www.immoweb.be/en/classified/apartment/for-sale/koekelberg/1081/20520984
https://www.immoweb.be/en/classified/house/for-sale/saint-nicolas/4420/20804939
https://www.immoweb.be/en/classified/house/for-sale/slijpe/8433/20805572
https://www.immoweb.be/en/classified/house/for-sale/grimbergen/1850/20805539
https://www.immoweb.be/en/classified/house/for-sale/oostende/8400/20803694
https://www.immoweb.be/en/classified/chalet/for-sale/erezee/6997/20804465
https://www.immoweb.be/en/classified/house/for-sale/geraardsbergen/9500/20805449
https://www.immoweb.be/en/classified/house/for-sale/westerlo/2260/20807278
https://www.immoweb.be/en/classified/house/for-sale/huy/4500/20805652
https://www.immoweb.be/en/classified/house/for-sale/melsele/9120/20778641
https://www.immoweb.be/en/classified/house/for-sale/zele/9240/20778862
https://www.immoweb.be/en/classified/house/for-sale/kapellen/2950/20805179
https://www.immoweb.be/en/classified/house/for-sale/gierle/2275/20807385
https://www.immoweb.be/en/classified/house/for-sale/schaerbeek/1030/20619255
https://www.immoweb.be/en/classified/house/for-sale/kessel-lo/3010/20802940
https://www.immoweb.be/en/classified/house/for-sale/geel/2440/20807339
https://www.immoweb.be/en/classified/apartment/for-sale/knokke-heist/8300/20753858
https://www.immoweb.be/en/classified/house/for-sale/werken/8610/20805543
https://www.immoweb.be/en/classified/house/for-sale/asse/1731/20709989
https://www.immoweb.be/en/classified/apartment/for-sale/bilzen/3740/20810463
https://www.immoweb.be/en/classified/house/for-sale/adegem/9991/20810461
https://www.immoweb.be/en/classified/apartment/for-sale/deurne/2100/20810445
https://www.immoweb.be/en/classified/apartment/for-sale/deurne/2100/20810438
https://www.immoweb.be/en/classified/apartment/for-sale/deurne/2100/20810455
https://www.immoweb.be/en/classified/apartment/for-sale/deurne/2100/20810451
https://www.immoweb.be/en/classified/apartment/for-sale/deurne/2100/20810450
https://www.immoweb.be/en/classified/apartment/for-sale/deurne/2100/20810457
https://www.immoweb.be/en/classified/apartment/for-sale/wijnegem/2110/20810440
https://www.immoweb.be/en/classified/apartment/for-sale/merksem/2170/20810439
https://www.immoweb.be/en/classified/apartment/for-sale/borsbeek/2150/20810442
https://www.immoweb.be/en/classified/house/for-sale/deurne/2100/20810447
https://www.immoweb.be/en/classified/house/for-sale/merksem/2170/20810449
https://www.immoweb.be/en/classified/apartment/for-sale/deurne/2100/20810443
https://www.immoweb.be/en/classified/town-house/for-sale/merksem/2170/20810441
https://www.immoweb.be/en/classified/apartment/for-sale/deurne/2100/20810446
https://www.immoweb.be/en/classified/apartment/for-sale/deurne/2100/20810460
https://www.immoweb.be/en/classified/house/for-sale/merksem/2170/20810444
https://www.immoweb.be/en/classified/apartment/for-sale/merksem/2170/20810456
https://www.immoweb.be/en/classified/apartment/for-sale/deurne/2100/20810452
https://www.immoweb.be/en/classified/apartment/for-sale/deurne/2100/20810454
https://www.immoweb.be/en/classified/house/for-sale/merksem/2170/20810464
https://www.immoweb.be/en/classified/apartment/for-sale/deurne/2100/20810458
https://www.immoweb.be/en/classified/penthouse/for-sale/nazareth/9810/20810453
https://www.immoweb.be/en/classified/house/for-sale/merksem/2170/20810459
https://www.immoweb.be/en/classified/ground-floor/for-sale/merksem/2170/20810472
https://www.immoweb.be/en/classified/town-house/for-sale/deurne/2100/20810437
https://www.immoweb.be/en/classified/house/for-sale/merksem/2170/20810448
https://www.immoweb.be/en/classified/apartment/for-sale/deurne/2100/20810436
https://www.immoweb.be/en/classified/apartment/for-sale/aalst/9300/20786496
https://www.immoweb.be/en/classified/duplex/for-sale/forest/1190/20781923
https://www.immoweb.be/en/classified/apartment/for-sale/antwerpen/2018/20788252
https://www.immoweb.be/en/classified/new-real-estate-project-apartments/for-sale/anderlecht/1070/20787321
https://www.immoweb.be/en/classified/new-real-estate-project-apartments/for-sale/forest/1190/20786795
https://www.immoweb.be/en/classified/new-real-estate-project-apartments/for-sale/mol/2400/20788100
https://www.immoweb.be/en/classified/new-real-estate-project-apartments/for-sale/berchem-sainte-agathe/1082/20787240
https://www.immoweb.be/en/classified/new-real-estate-project-houses/for-sale/olsene/9870/20788612
https://www.immoweb.be/en/classified/new-real-estate-project-houses/for-sale/virginal-samme/1460/20789321
https://www.immoweb.be/en/classified/new-real-estate-project-houses/for-sale/orp-jauche/1350/20789179
https://www.immoweb.be/en/classified/new-real-estate-project-houses/for-sale/anderlecht/1070/20787310
https://www.immoweb.be/en/classified/new-real-estate-project-apartments/for-sale/waterloo/1410/20787835
https://www.immoweb.be/en/classified/house/for-sale/zandvliet/2040/20769240
https://www.immoweb.be/en/classified/house/for-sale/gent/9000/20769754
https://www.immoweb.be/en/classified/house/for-sale/sint-amandsberg/9040/20769752
https://www.immoweb.be/en/classified/house/for-sale/gent/9000/20774417
https://www.immoweb.be/en/classified/house/for-sale/brecht/2960/20776079
https://www.immoweb.be/en/classified/apartment/for-sale/gent/9000/20801603
https://www.immoweb.be/en/classified/apartment/for-sale/braine-lalleud-braine-lalleud/1420/20801169
https://www.immoweb.be/en/classified/apartment/for-sale/woluwe-saint-pierre/1150/20803503
https://www.immoweb.be/en/classified/house/for-sale/zottegem/9620/20813041
https://www.immoweb.be/en/classified/house/for-sale/ronse/9600/20812140
https://www.immoweb.be/en/classified/house/for-sale/staden/8840/20812605
https://www.immoweb.be/en/classified/house/for-sale/mechelen/2800/20813540
https://www.immoweb.be/en/classified/house/for-sale/zottegem/9620/20810416
https://www.immoweb.be/en/classified/house/for-sale/herzele/9550/20812567
https://www.immoweb.be/en/classified/house/for-sale/zwijndrecht/2070/20814024
https://www.immoweb.be/en/classified/villa/for-sale/zeebrugge/8380/20810133
https://www.immoweb.be/en/classified/house/for-sale/wavre/1300/20814323
https://www.immoweb.be/en/classified/apartment-block/for-sale/humbeek/1851/20813835
https://www.immoweb.be/en/classified/villa/for-sale/oudenburg/8460/20807998
https://www.immoweb.be/en/classified/apartment/for-sale/tongeren/3700/20807996
https://www.immoweb.be/en/classified/house/for-sale/roeselare/8800/20807994
https://www.immoweb.be/en/classified/villa/for-sale/la-louviere/7100/20807993
https://www.immoweb.be/en/classified/house/for-sale/affligem/1790/20807992
https://www.immoweb.be/en/classified/house/for-sale/leuven/3000/20807991
https://www.immoweb.be/en/classified/house/for-sale/drongen/9031/20807988
https://www.immoweb.be/en/classified/house/for-sale/rhode-saint-genese/1640/20807986
https://www.immoweb.be/en/classified/ground-floor/for-sale/verviers/4800/20807984
https://www.immoweb.be/en/classified/duplex/for-sale/uccle/1180/20807977
https://www.immoweb.be/en/classified/apartment/for-sale/blankenberge/8370/20807974
https://www.immoweb.be/en/classified/house/for-sale/waimes/4950/20807971
https://www.immoweb.be/en/classified/house/for-sale/ghoy/7863/20807970
https://www.immoweb.be/en/classified/villa/for-sale/rhode-saint-genese/1640/20807969
https://www.immoweb.be/en/classified/house/for-sale/brugge/8000/20807965
https://www.immoweb.be/en/classified/mansion/for-sale/etterbeek/1040/20807964
https://www.immoweb.be/en/classified/house/for-sale/tienen/3300/20480384
https://www.immoweb.be/en/classified/mixed-use-building/for-sale/bertem/3061/20807963
https://www.immoweb.be/en/classified/house/for-sale/beringen/3582/20807962
https://www.immoweb.be/en/classified/apartment/for-sale/liege/4020/20807960
https://www.immoweb.be/en/classified/house/for-sale/nimy/7020/20807959
https://www.immoweb.be/en/classified/apartment/for-sale/bruxelles/1000/20807958
https://www.immoweb.be/en/classified/apartment/for-sale/bruxelles/1120/20807957
https://www.immoweb.be/en/classified/new-real-estate-project-apartments/for-sale/antwerpen/2060/20807954
https://www.immoweb.be/en/classified/penthouse/for-sale/antwerpen/2060/20807953
https://www.immoweb.be/en/classified/house/for-sale/borgerhout/2140/20807951
https://www.immoweb.be/en/classified/house/for-sale/oudenaarde/9700/20807950
https://www.immoweb.be/en/classified/house/for-sale/edegem/2650/20807947
https://www.immoweb.be/en/classified/house/for-sale/gent/9000/20807946
https://www.immoweb.be/en/classified/apartment/for-sale/destelbergen/9070/20807945
https://www.immoweb.be/en/classified/apartment/for-sale/knokke-heist/8300/20809857
https://www.immoweb.be/en/classified/house/for-sale/saint-nicolas/4420/20818254
https://www.immoweb.be/en/classified/house/for-sale/izegem/8870/20818663
https://www.immoweb.be/en/classified/mixed-use-building/for-sale/zottegem/9620/20817243
https://www.immoweb.be/en/classified/house/for-sale/vichte/8570/20817677
https://www.immoweb.be/en/classified/house/for-sale/seraing/4100/20818031
https://www.immoweb.be/en/classified/house/for-sale/de-haan/8420/20818095
https://www.immoweb.be/en/classified/house/for-sale/seraing/4100/20818389
https://www.immoweb.be/en/classified/house/for-sale/plainevaux/4122/20818400
https://www.immoweb.be/en/classified/mansion/for-sale/sambreville/5060/20817496
https://www.immoweb.be/en/classified/house/for-sale/hulshout/2235/20818608
https://www.immoweb.be/en/classified/house/for-sale/westmeerbeek/2235/20818613
https://www.immoweb.be/en/classified/house/for-sale/heist-op-den-berg/2220/20818607
https://www.immoweb.be/en/classified/villa/for-sale/rixensart/1330/20817097
https://www.immoweb.be/en/classified/apartment/for-sale/sint-joris-weert/3051/20799719
https://www.immoweb.be/en/classified/apartment-block/for-sale/tournai/7500/20809491
https://www.immoweb.be/en/classified/house/for-sale/zandvliet/2040/20809666
https://www.immoweb.be/en/classified/house/for-sale/kraainem/1950/20811666
https://www.immoweb.be/en/classified/apartment-block/for-sale/antwerpen/2018/20814064
https://www.immoweb.be/en/classified/house/for-sale/bruxelles/1000/20813182
https://www.immoweb.be/en/classified/house/for-sale/maarkedal/9680/20800674
https://www.immoweb.be/en/classified/house/for-sale/bertem/3060/20804788
https://www.immoweb.be/en/classified/house/for-sale/puurs/2870/20803405
https://www.immoweb.be/en/classified/house/for-sale/alsemberg/1652/20804706
https://www.immoweb.be/en/classified/exceptional-property/for-sale/kraainem/1950/20801431
https://www.immoweb.be/en/classified/apartment/for-sale/deurne/2100/20810460
https://www.immoweb.be/en/classified/apartment/for-sale/merksem/2170/20810456
https://www.immoweb.be/en/classified/apartment/for-sale/deurne/2100/20810454
https://www.immoweb.be/en/classified/apartment/for-sale/hoboken/2660/20808074
https://www.immoweb.be/en/classified/apartment/for-sale/genk/3600/20810523
https://www.immoweb.be/en/classified/house/for-sale/berchem-sainte-agathe/1082/20817842
https://www.immoweb.be/en/classified/duplex/for-sale/knokke/8300/20817841
https://www.immoweb.be/en/classified/house/for-sale/knokke-heist/8301/20817840
https://www.immoweb.be/en/classified/country-cottage/for-sale/knokke-heist/8301/20817839
https://www.immoweb.be/en/classified/house/for-sale/baelen/4837/20817838
https://www.immoweb.be/en/classified/house/for-sale/somzee/5651/20817835
https://www.immoweb.be/en/classified/house/for-sale/brugge/8000/20817830
https://www.immoweb.be/en/classified/house/for-sale/vilvorde/1800/20817829
https://www.immoweb.be/en/classified/mixed-use-building/for-sale/chiny/6810/20817825
https://www.immoweb.be/en/classified/new-real-estate-project-apartments/for-sale/braine-lalleud/1420/20817800
https://www.immoweb.be/en/classified/house/for-sale/montignies-sur-sambre/6061/20817799
https://www.immoweb.be/en/classified/house/for-sale/marcinelle/6001/20733262
https://www.immoweb.be/en/classified/villa/for-sale/trazegnies/6183/20754442
https://www.immoweb.be/en/classified/house/for-sale/auderghem/1160/20817788
https://www.immoweb.be/en/classified/duplex/for-sale/burcht/2070/20817786
https://www.immoweb.be/en/classified/house/for-sale/stekene/9190/20817784
https://www.immoweb.be/en/classified/house/for-sale/stekene/9190/20817783
https://www.immoweb.be/en/classified/apartment/for-sale/auderghem/1160/20817782
https://www.immoweb.be/en/classified/house/for-sale/kinrooi/3640/20817778
https://www.immoweb.be/en/classified/house/for-sale/mons/7000/20817775
https://www.immoweb.be/en/classified/apartment/for-sale/geraardsbergen/9500/20817772
https://www.immoweb.be/en/classified/house/for-sale/mons-crotteux/4460/20817771
https://www.immoweb.be/en/classified/house/for-sale/wevelgem/8560/20817767
https://www.immoweb.be/en/classified/house/for-sale/gullegem/8560/20817763
https://www.immoweb.be/en/classified/house/for-sale/sinaai-waas/9112/20817770
https://www.immoweb.be/en/classified/house/for-sale/sinaai-waas/9112/20817762
https://www.immoweb.be/en/classified/house/for-sale/ruiselede/8755/20817761
https://www.immoweb.be/en/classified/house/for-sale/sint-laureins/9980/20817759
https://www.immoweb.be/en/classified/villa/for-sale/lochristi/9080/20817758
https://www.immoweb.be/en/classified/apartment/for-sale/zelzate/9060/20817757
https://www.immoweb.be/en/classified/new-real-estate-project-apartments/for-sale/brugge/8000/20763531
https://www.immoweb.be/en/classified/new-real-estate-project-apartments/for-sale/uccle/1180/20748541
https://www.immoweb.be/en/classified/house/for-sale/wanze/4520/20790773
https://www.immoweb.be/en/classified/new-real-estate-project-apartments/for-sale/sint-idesbald/8670/20664743
https://www.immoweb.be/en/classified/new-real-estate-project-houses/for-sale/ronse/9600/20761258
https://www.immoweb.be/en/classified/town-house/for-sale/waremme/4300/20789400
https://www.immoweb.be/en/classified/new-real-estate-project-houses/for-sale/noorderwijk/2200/20763788
https://www.immoweb.be/en/classified/new-real-estate-project-houses/for-sale/hasselt/3500/20761863
https://www.immoweb.be/en/classified/house/for-sale/lebbeke/9280/20795191
https://www.immoweb.be/en/classified/new-real-estate-project-apartments/for-sale/koksijde/8670/20763489
https://www.immoweb.be/en/classified/house/for-sale/geel/2440/20793489
https://www.immoweb.be/en/classified/house/for-sale/beersel/1650/20792434
https://www.immoweb.be/en/classified/house/for-sale/laeken/1020/20793102
https://www.immoweb.be/en/classified/house/for-sale/diksmuide/8600/20790752
https://www.immoweb.be/en/classified/house/for-sale/brasschaat/2930/20794090
https://www.immoweb.be/en/classified/exceptional-property/for-sale/uccle/1180/20789778
https://www.immoweb.be/en/classified/house/for-sale/puurs-sint-amands/2870/20763021
https://www.immoweb.be/en/classified/apartment/for-sale/hoboken/2660/20771701
https://www.immoweb.be/en/classified/apartment/for-sale/turnhout/2300/20769583
https://www.immoweb.be/en/classified/apartment/for-sale/merksem/2170/20770672
https://www.immoweb.be/en/classified/duplex/for-sale/boom/2850/20795034
https://www.immoweb.be/en/classified/house/for-sale/pont-a-celles/6230/20801261
https://www.immoweb.be/en/classified/house/for-sale/sint-gillis-bij-dendermonde/9200/20804404
https://www.immoweb.be/en/classified/house/for-sale/dessel/2480/20803095
https://www.immoweb.be/en/classified/house/for-sale/dessel/2480/20803106
https://www.immoweb.be/en/classified/house/for-sale/chenee/4032/20625560
https://www.immoweb.be/en/classified/house/for-sale/anderlecht/1070/20801018
https://www.immoweb.be/en/classified/house/for-sale/berchem/2600/20803323
https://www.immoweb.be/en/classified/house/for-sale/aarschot/3200/20803718
https://www.immoweb.be/en/classified/house/for-sale/nassogne/6950/20804378
https://www.immoweb.be/en/classified/apartment/for-sale/leuven/3000/20811987
https://www.immoweb.be/en/classified/apartment/for-sale/lier-koningshooikt/2500/20812002
https://www.immoweb.be/en/classified/house/for-sale/tremelo/3120/20811986
https://www.immoweb.be/en/classified/house/for-sale/merelbeke-melle/9820/20811984
https://www.immoweb.be/en/classified/house/for-sale/roeselare/8800/20811982
https://www.immoweb.be/en/classified/apartment/for-sale/harelbeke/8530/20811981
https://www.immoweb.be/en/classified/apartment/for-sale/herent/3020/20811980
https://www.immoweb.be/en/classified/house/for-sale/aarschot/3202/20811978
https://www.immoweb.be/en/classified/house/for-sale/ninove/9400/20811977
https://www.immoweb.be/en/classified/villa/for-sale/zaventem/1930/20811976
https://www.immoweb.be/en/classified/apartment/for-sale/ronse/9600/20811992
https://www.immoweb.be/en/classified/flat-studio/for-sale/koksijde/8670/20811973
https://www.immoweb.be/en/classified/flat-studio/for-sale/westende/8434/20694608
https://www.immoweb.be/en/classified/exceptional-property/for-sale/bruxelles/1020/20811971
https://www.immoweb.be/en/classified/house/for-sale/bruxelles/1020/20811970
https://www.immoweb.be/en/classified/house/for-sale/lommel/3920/20811968
https://www.immoweb.be/en/classified/villa/for-sale/wavre/1300/20811964
https://www.immoweb.be/en/classified/apartment/for-sale/lier/2500/20811963
https://www.immoweb.be/en/classified/house/for-sale/roeselare/8800/20811961
https://www.immoweb.be/en/classified/house/for-sale/chenee/4032/20811091
https://www.immoweb.be/en/classified/house/for-sale/de-panne/8660/20811960
https://www.immoweb.be/en/classified/apartment/for-sale/gent/9000/20811958
https://www.immoweb.be/en/classified/apartment/for-sale/oostende/8400/20811957
https://www.immoweb.be/en/classified/apartment/for-sale/woluwe-saint-lambert/1200/20811955
https://www.immoweb.be/en/classified/town-house/for-sale/oostende/8400/20811954
https://www.immoweb.be/en/classified/house/for-sale/kraainem/1950/20811953
https://www.immoweb.be/en/classified/apartment/for-sale/woluwe-saint-pierre/1150/20811951
https://www.immoweb.be/en/classified/apartment/for-sale/ledeberg/9050/20811950
https://www.immoweb.be/en/classified/ground-floor/for-sale/wemmel/1780/20811949
https://www.immoweb.be/en/classified/apartment/for-sale/nieuwpoort/8620/20811947
https://www.immoweb.be/en/classified/house/for-sale/mechelen/2800/20801711
https://www.immoweb.be/en/classified/house/for-sale/oudenaarde/9700/20804667
https://www.immoweb.be/en/classified/house/for-sale/wetteren/9230/20801467
https://www.immoweb.be/en/classified/house/for-sale/uccle/1180/20767013
https://www.immoweb.be/en/classified/house/for-sale/stabroek/2940/20804631
https://www.immoweb.be/en/classified/house/for-sale/rhode-saint-genese/1640/20800990
https://www.immoweb.be/en/classified/house/for-sale/hoboken/2660/20782364
https://www.immoweb.be/en/classified/house/for-sale/athus/6791/20784264
https://www.immoweb.be/en/classified/house/for-sale/oostakker/9041/20783820
https://www.immoweb.be/en/classified/house/for-sale/eke/9810/20784562
https://www.immoweb.be/en/classified/villa/for-sale/brugge-sint-kruis/8310/20781973
https://www.immoweb.be/en/classified/apartment/for-sale/blankenberge/8370/20807974
https://www.immoweb.be/en/classified/apartment/for-sale/kortrijk/8500/20807431
https://www.immoweb.be/en/classified/apartment/for-sale/etterbeek/1040/20812171
https://www.immoweb.be/en/classified/apartment/for-sale/evere/1140/20805088
https://www.immoweb.be/en/classified/apartment/for-sale/gembloux/5030/20807016
https://www.immoweb.be/en/classified/apartment/for-sale/oostende/8400/20809629
https://www.immoweb.be/en/classified/house/for-sale/seraing/4100/20681587
https://www.immoweb.be/en/classified/house/for-sale/oupeye/4684/20653606
https://www.immoweb.be/en/classified/house/for-sale/engis/4480/20663359
https://www.immoweb.be/en/classified/house/for-sale/liege/4020/20677454
https://www.immoweb.be/en/classified/duplex/for-sale/bruxelles/1000/20577030
https://www.immoweb.be/en/classified/villa/for-sale/uccle/1180/20758264
https://www.immoweb.be/en/classified/apartment/for-sale/molenbeek-saint-jean/1080/20555846
https://www.immoweb.be/en/classified/apartment/for-sale/anderlecht/1070/20725603
https://www.immoweb.be/en/classified/apartment/for-sale/aalter/9880/20724582
https://www.immoweb.be/en/classified/apartment/for-sale/mortsel/2640/20781463
https://www.immoweb.be/en/classified/apartment/for-sale/jette/1090/20766151
https://www.immoweb.be/en/classified/apartment/for-sale/de-panne/8660/20567192
https://www.immoweb.be/en/classified/apartment/for-sale/uccle/1180/20759521
https://www.immoweb.be/en/classified/house/for-sale/sint-niklaas/9100/20811945
https://www.immoweb.be/en/classified/house/for-sale/alken/3570/20811937
https://www.immoweb.be/en/classified/apartment/for-sale/zelzate/9060/20811936
https://www.immoweb.be/en/classified/house/for-sale/nandrin/4550/20811934
https://www.immoweb.be/en/classified/house/for-sale/peruwelz/7600/20811932
https://www.immoweb.be/en/classified/mixed-use-building/for-sale/oostende/8400/20811931
https://www.immoweb.be/en/classified/mansion/for-sale/oostende/8400/20753591
https://www.immoweb.be/en/classified/apartment-block/for-sale/neu-moresnet/4721/20811930
https://www.immoweb.be/en/classified/flat-studio/for-sale/middelkerke/8430/20811929
https://www.immoweb.be/en/classified/apartment/for-sale/sint-niklaas/9100/20811922
https://www.immoweb.be/en/classified/chalet/for-sale/durbuy/6940/20811921
https://www.immoweb.be/en/classified/house/for-sale/soy/6997/20811920
https://www.immoweb.be/en/classified/apartment/for-sale/middelkerke/8430/20811917
https://www.immoweb.be/en/classified/house/for-sale/kapellen/2950/20811902
https://www.immoweb.be/en/classified/apartment/for-sale/nieuwpoort/8620/20811901
https://www.immoweb.be/en/classified/penthouse/for-sale/forest/1190/20786695
https://www.immoweb.be/en/classified/apartment/for-sale/hoboken/2660/20811900
https://www.immoweb.be/en/classified/house/for-sale/libramont-chevigny/6800/20811888
https://www.immoweb.be/en/classified/house/for-sale/puurs/2870/20811887
https://www.immoweb.be/en/classified/apartment/for-sale/antwerpen/2000/20811886
https://www.immoweb.be/en/classified/mixed-use-building/for-sale/anderlecht/1070/20811885
https://www.immoweb.be/en/classified/house/for-sale/angleur/4031/20811883
https://www.immoweb.be/en/classified/house/for-sale/erquelinnes/6560/20811881
https://www.immoweb.be/en/classified/house/for-sale/blaton/7321/20811878
https://www.immoweb.be/en/classified/duplex/for-sale/wilrijk/2610/20650639
https://www.immoweb.be/en/classified/house/for-sale/messancy/6780/20811869
https://www.immoweb.be/en/classified/apartment/for-sale/arlon/6700/20811872
https://www.immoweb.be/en/classified/apartment/for-sale/arlon/6700/20811868
https://www.immoweb.be/en/classified/house/for-sale/messancy/6780/20811867
https://www.immoweb.be/en/classified/ground-floor/for-sale/arlon/6700/20811862
https://www.immoweb.be/en/classified/apartment/for-sale/geel/2440/20811281
https://www.immoweb.be/en/classified/apartment/for-sale/gavere/9890/20810805
https://www.immoweb.be/en/classified/apartment/for-sale/geel/2440/20811278
https://www.immoweb.be/en/classified/apartment/for-sale/geel/2440/20811282
https://www.immoweb.be/en/classified/duplex/for-sale/gavere/9890/20810803
https://www.immoweb.be/en/classified/duplex/for-sale/gavere/9890/20810806
https://www.immoweb.be/en/classified/apartment/for-sale/fleurus/6220/20806947
https://www.immoweb.be/en/classified/apartment/for-sale/anderlecht/1070/20803204
https://www.immoweb.be/en/classified/apartment/for-sale/evere/1140/20803743
https://www.immoweb.be/en/classified/house/for-sale/moerzeke/9220/20817284
https://www.immoweb.be/en/classified/exceptional-property/for-sale/brugge-sint-michiels/8200/20816742
https://www.immoweb.be/en/classified/villa/for-sale/blankenberge/8370/20816748
https://www.immoweb.be/en/classified/villa/for-sale/tervuren-tervuren/3080/20816672
https://www.immoweb.be/en/classified/house/for-sale/oudenaarde/9700/20798046
https://www.immoweb.be/en/classified/house/for-sale/wezembeek-oppem/1970/20796062
https://www.immoweb.be/en/classified/house/for-sale/gent/9000/20797629
https://www.immoweb.be/en/classified/house/for-sale/gent/9000/20797692
https://www.immoweb.be/en/classified/house/for-sale/malmedy/4960/20796148
https://www.immoweb.be/en/classified/house/for-sale/duffel/2570/20799430
https://www.immoweb.be/en/classified/house/for-sale/walem/2800/20799428
https://www.immoweb.be/en/classified/house/for-sale/arlon/6700/20798478
https://www.immoweb.be/en/classified/house/for-sale/brugge/8000/20796378
https://www.immoweb.be/en/classified/duplex/for-sale/evere/1140/20686606
https://www.immoweb.be/en/classified/house/for-sale/la-roche-en-ardenne/6980/20598191
https://www.immoweb.be/en/classified/apartment/for-sale/leuven/3001/20739121
https://www.immoweb.be/en/classified/apartment/for-sale/leuven/3001/20364926
https://www.immoweb.be/en/classified/apartment/for-sale/roeselare/8800/20796110
https://www.immoweb.be/en/classified/apartment/for-sale/zedelgem/8210/20797076
https://www.immoweb.be/en/classified/penthouse/for-sale/antwerpen/2000/20798501
https://www.immoweb.be/en/classified/apartment/for-sale/antwerpen/2000/20798500
https://www.immoweb.be/en/classified/apartment/for-sale/berlaar/2590/20813513
https://www.immoweb.be/en/classified/house/for-sale/kortemark/8610/20813510
https://www.immoweb.be/en/classified/apartment/for-sale/knokke-heist/8300/20813509
https://www.immoweb.be/en/classified/apartment/for-sale/knokke/8300/20813508
https://www.immoweb.be/en/classified/apartment-block/for-sale/antwerpen-2060/2060/20813506
https://www.immoweb.be/en/classified/house/for-sale/nechin/7730/20813504
https://www.immoweb.be/en/classified/house/for-sale/harelbeke/8530/20813503
https://www.immoweb.be/en/classified/duplex/for-sale/saint-gilles/1060/20813502
https://www.immoweb.be/en/classified/house/for-sale/dongelberg/1370/20813500
https://www.immoweb.be/en/classified/apartment/for-sale/ninove/9400/20813522
https://www.immoweb.be/en/classified/house/for-sale/lier/2500/20813497
https://www.immoweb.be/en/classified/new-real-estate-project-apartments/for-sale/sint-amandsberg/9040/20813490
https://www.immoweb.be/en/classified/house/for-sale/ninove/9400/20813489
https://www.immoweb.be/en/classified/house/for-sale/izegem/8870/20813488
https://www.immoweb.be/en/classified/apartment-block/for-sale/dison/4820/20813487
https://www.immoweb.be/en/classified/house/for-sale/ninove/9400/20813484
https://www.immoweb.be/en/classified/apartment/for-sale/meerbeke/9402/20813483
https://www.immoweb.be/en/classified/house/for-sale/jumet/6040/20710873
https://www.immoweb.be/en/classified/mixed-use-building/for-sale/saint-josse-ten-noode/1210/20466413
https://www.immoweb.be/en/classified/house/for-sale/verviers/4801/20813479
https://www.immoweb.be/en/classified/house/for-sale/melsele/9120/20678436
https://www.immoweb.be/en/classified/apartment/for-sale/deinze/9800/20813473
https://www.immoweb.be/en/classified/apartment/for-sale/schaerbeek/1030/20813474
https://www.immoweb.be/en/classified/house/for-sale/oudenaarde/9700/20813472
https://www.immoweb.be/en/classified/apartment/for-sale/knokke-heist/8300/20813466
https://www.immoweb.be/en/classified/apartment/for-sale/de-haan/8420/20299940
https://www.immoweb.be/en/classified/house/for-sale/geraardsbergen/9500/20813460
https://www.immoweb.be/en/classified/apartment/for-sale/tournai/7500/20813461
https://www.immoweb.be/en/classified/house/for-sale/sedella/29715/20813459
https://www.immoweb.be/en/classified/apartment/for-sale/tournai/7500/20813458
https://www.immoweb.be/en/classified/exceptional-property/for-sale/ninove/9400/20813131
https://www.immoweb.be/en/classified/villa/for-sale/putte/2580/20809709
https://www.immoweb.be/en/classified/penthouse/for-sale/ixelles/1050/20735963
https://www.immoweb.be/en/classified/mixed-use-building/for-sale/uccle/1180/20808796
https://www.immoweb.be/en/classified/apartment-block/for-sale/bruxelles/1000/20813102
https://www.immoweb.be/en/classified/apartment-block/for-sale/etterbeek/1040/20813108
https://www.immoweb.be/en/classified/house/for-sale/herzele/9550/20790750
https://www.immoweb.be/en/classified/house/for-sale/nivelles/1400/20793720
https://www.immoweb.be/en/classified/house/for-sale/grobbendonk/2280/20793670
https://www.immoweb.be/en/classified/villa/for-sale/langdorp/3201/20790219
https://www.immoweb.be/en/classified/apartment/for-sale/nieuwpoort/8620/20799118
https://www.immoweb.be/en/classified/apartment/for-sale/gent/9000/20799240
https://www.immoweb.be/en/classified/apartment/for-sale/oostakker/9041/20816985
https://www.immoweb.be/en/classified/apartment/for-sale/oostakker/9041/20816996
https://www.immoweb.be/en/classified/apartment/for-sale/oostakker/9041/20816993
https://www.immoweb.be/en/classified/apartment/for-sale/oostakker/9041/20816988
https://www.immoweb.be/en/classified/apartment/for-sale/oostakker/9041/20816981
https://www.immoweb.be/en/classified/apartment/for-sale/oostakker/9041/20816989
https://www.immoweb.be/en/classified/apartment/for-sale/oostakker/9041/20816987
https://www.immoweb.be/en/classified/apartment/for-sale/oostakker/9041/20816980
https://www.immoweb.be/en/classified/apartment/for-sale/oostakker/9041/20816992
https://www.immoweb.be/en/classified/apartment/for-sale/oostakker/9041/20816984
https://www.immoweb.be/en/classified/apartment/for-sale/oostakker/9041/20816982
https://www.immoweb.be/en/classified/apartment/for-sale/oostakker/9041/20816979
https://www.immoweb.be/en/classified/apartment/for-sale/oostakker/9041/20816986
https://www.immoweb.be/en/classified/apartment/for-sale/oostakker/9041/20816978
https://www.immoweb.be/en/classified/apartment/for-sale/oostakker/9041/20816983
https://www.immoweb.be/en/classified/apartment/for-sale/oostakker/9041/20816991
https://www.immoweb.be/en/classified/apartment/for-sale/oostakker/9041/20816990
https://www.immoweb.be/en/classified/apartment/for-sale/oostakker/9041/20816995
https://www.immoweb.be/en/classified/apartment/for-sale/antwerpen/2018/20813633
https://www.immoweb.be/en/classified/house/for-sale/deurne/2100/20813632
https://www.immoweb.be/en/classified/villa/for-sale/veltem-beisem/3020/20813631
https://www.immoweb.be/en/classified/house/for-sale/deerlijk/8540/20740544
https://www.immoweb.be/en/classified/house/for-sale/kapelle-op-den-bos/1880/20813629
https://www.immoweb.be/en/classified/house/for-sale/lokeren/9160/20813628
https://www.immoweb.be/en/classified/apartment/for-sale/koekelberg/1081/20813623
https://www.immoweb.be/en/classified/apartment/for-sale/koekelberg/1081/20813624
https://www.immoweb.be/en/classified/penthouse/for-sale/court-st-etienne/1490/20813619
https://www.immoweb.be/en/classified/apartment/for-sale/ixelles/1050/20813618
https://www.immoweb.be/en/classified/house/for-sale/diksmuide/8600/20813617
https://www.immoweb.be/en/classified/house/for-sale/diksmuide/8600/20813616
https://www.immoweb.be/en/classified/apartment/for-sale/kampenhout/1910/20813614
https://www.immoweb.be/en/classified/duplex/for-sale/dilsen-stokkem/3650/20813612
https://www.immoweb.be/en/classified/house/for-sale/ophain-bois-seigneur-isaac/1421/20813603
https://www.immoweb.be/en/classified/house/for-sale/waterloo/1410/20813602
https://www.immoweb.be/en/classified/chalet/for-sale/mol/2400/20810138
https://www.immoweb.be/en/classified/chalet/for-sale/mol/2400/20810139
https://www.immoweb.be/en/classified/flat-studio/for-sale/jette/1090/20718153
https://www.immoweb.be/en/classified/penthouse/for-sale/veurne/8630/20813600
https://www.immoweb.be/en/classified/apartment/for-sale/deurne/2100/20813589
https://www.immoweb.be/en/classified/apartment/for-sale/brussels/1000/20813587
https://www.immoweb.be/en/classified/villa/for-sale/lendelede/8860/20813586
https://www.immoweb.be/en/classified/house/for-sale/westouter/8954/20813585
https://www.immoweb.be/en/classified/house/for-sale/zemst/1980/20625658
https://www.immoweb.be/en/classified/house/for-sale/lochristi/9080/20813584
https://www.immoweb.be/en/classified/new-real-estate-project-apartments/for-sale/waregem/8792/20813582
https://www.immoweb.be/en/classified/penthouse/for-sale/knokke-heist/8300/20677921
https://www.immoweb.be/en/classified/house/for-sale/sint-katelijne-waver/2860/20813580
https://www.immoweb.be/en/classified/apartment/for-sale/heist-op-den-berg/2220/20813579
https://www.immoweb.be/en/classified/house/for-sale/kapellen/2950/20787357
https://www.immoweb.be/en/classified/apartment/for-sale/hoboken/2660/20808075
https://www.immoweb.be/en/classified/house/for-sale/haccourt/4684/20785631
https://www.immoweb.be/en/classified/house/for-sale/modave-outrelouxhe/4577/20785059
https://www.immoweb.be/en/classified/apartment/for-sale/woluwe-saint-pierre/1150/20809697
https://www.immoweb.be/en/classified/duplex/for-sale/antwerpen/2000/20810873
https://www.immoweb.be/en/classified/apartment/for-sale/knocke-heyst/8300/20808085
https://www.immoweb.be/en/classified/villa/for-sale/woluwe-saint-pierre/1150/20781713
https://www.immoweb.be/en/classified/apartment/for-sale/ganshoren/1083/20570409
https://www.immoweb.be/en/classified/apartment/for-sale/schaerbeek/1030/20731471
https://www.immoweb.be/en/classified/apartment/for-sale/arlon/6700/20780787
https://www.immoweb.be/en/classified/apartment/for-sale/schaerbeek/1030/20749113
https://www.immoweb.be/en/classified/apartment/for-sale/woluwe-saint-lambert/1200/20766613
https://www.immoweb.be/en/classified/apartment/for-sale/etterbeek/1040/20778732
https://www.immoweb.be/en/classified/apartment/for-sale/evere/1140/20534580
https://www.immoweb.be/en/classified/apartment/for-sale/bruxelles/1000/20748385
https://www.immoweb.be/en/classified/apartment/for-sale/ixelles/1050/20623600
https://www.immoweb.be/en/classified/apartment/for-sale/saint-gilles/1060/20740274
https://www.immoweb.be/en/classified/apartment/for-sale/watermael-boitsfort/1170/20754967
https://www.immoweb.be/en/classified/apartment/for-sale/kraainem/1950/20715907
https://www.immoweb.be/en/classified/apartment/for-sale/ixelles/1050/20763372
https://www.immoweb.be/en/classified/penthouse/for-sale/uccle/1180/20733403
https://www.immoweb.be/en/classified/house/for-sale/zwijndrecht/2070/20818695
https://www.immoweb.be/en/classified/house/for-sale/ertvelde/9940/20817749
https://www.immoweb.be/en/classified/exceptional-property/for-sale/virton/6760/20817349
https://www.immoweb.be/en/classified/apartment/for-sale/bruxelles/1000/20818260
https://www.immoweb.be/en/classified/apartment/for-sale/bruxelles/1000/20818262
https://www.immoweb.be/en/classified/apartment/for-sale/bruxelles/1000/20818261
https://www.immoweb.be/en/classified/apartment/for-sale/bruxelles/1000/20818258
https://www.immoweb.be/en/classified/apartment/for-sale/beveren/9120/20816245
https://www.immoweb.be/en/classified/ground-floor/for-sale/heist-aan-zee/8301/20814772
https://www.immoweb.be/en/classified/apartment/for-sale/heist-aan-zee/8301/20814770
https://www.immoweb.be/en/classified/apartment/for-sale/hasselt/3511/20719457
https://www.immoweb.be/en/classified/apartment/for-sale/ixelles/1050/20814768
https://www.immoweb.be/en/classified/apartment/for-sale/ixelles/1050/20814767
https://www.immoweb.be/en/classified/apartment/for-sale/ixelles/1050/20814766
https://www.immoweb.be/en/classified/apartment/for-sale/ottignies-louvain-la-neuve/1348/20814764
https://www.immoweb.be/en/classified/house/for-sale/gooik/1755/20814762
https://www.immoweb.be/en/classified/apartment/for-sale/blankenberge/8370/20402553
https://www.immoweb.be/en/classified/house/for-sale/boom/2850/20814758
https://www.immoweb.be/en/classified/country-cottage/for-sale/grandmetz/7900/20814757
https://www.immoweb.be/en/classified/apartment/for-sale/ixelles/1050/20814752
https://www.immoweb.be/en/classified/house/for-sale/oosterzele/9860/20814750
https://www.immoweb.be/en/classified/apartment/for-sale/heist-aan-zee/8301/20814747
https://www.immoweb.be/en/classified/house/for-sale/begijnendijk/3130/20814746
https://www.immoweb.be/en/classified/villa/for-sale/anthisnes/4163/20814744
https://www.immoweb.be/en/classified/house/for-sale/zele/9240/20814743
https://www.immoweb.be/en/classified/house/for-sale/affligem/1790/20814742
https://www.immoweb.be/en/classified/apartment/for-sale/sint-niklaas/9100/20814740
https://www.immoweb.be/en/classified/villa/for-sale/sint-niklaas/9100/20814741
https://www.immoweb.be/en/classified/house/for-sale/sint-niklaas/9100/20814739
https://www.immoweb.be/en/classified/apartment/for-sale/zeebrugge/8380/20814737
https://www.immoweb.be/en/classified/apartment/for-sale/maldegem/9990/20814731
https://www.immoweb.be/en/classified/apartment/for-sale/mechelen/2800/20814729
https://www.immoweb.be/en/classified/apartment/for-sale/mechelen/2800/20814728
https://www.immoweb.be/en/classified/house/for-sale/leuven-wilsele/3012/20814727
https://www.immoweb.be/en/classified/apartment/for-sale/zwevegem-zwevegem/8550/20814725
https://www.immoweb.be/en/classified/house/for-sale/roeselare/8800/20814722
https://www.immoweb.be/en/classified/villa/for-sale/machelen-1830/1830/20814721
https://www.immoweb.be/en/classified/house/for-sale/merksem/2170/20814300
https://www.immoweb.be/en/classified/villa/for-sale/ruisbroek/1601/20810141
https://www.immoweb.be/en/classified/house/for-sale/amay/4540/20789964
https://www.immoweb.be/en/classified/house/for-sale/beerzel/2580/20788666
https://www.immoweb.be/en/classified/house/for-sale/brugge/8000/20787528
https://www.immoweb.be/en/classified/house/for-sale/brugge/8000/20787527
https://www.immoweb.be/en/classified/house/for-sale/arlon/6700/20788822
https://www.immoweb.be/en/classified/house/for-sale/bonheiden/2820/20788648
https://www.immoweb.be/en/classified/house/for-sale/meulebeke/8760/20785317
https://www.immoweb.be/en/classified/house/for-sale/sint-amands/2890/20790739
https://www.immoweb.be/en/classified/house/for-sale/maldegem/9990/20785362
https://www.immoweb.be/en/classified/house/for-sale/drongen/9031/20784627
https://www.immoweb.be/en/classified/house/for-sale/torhout/8820/20790302
https://www.immoweb.be/en/classified/house/for-sale/opoeteren/3680/20789101
https://www.immoweb.be/en/classified/house/for-sale/waardamme/8020/20790300
https://www.immoweb.be/en/classified/house/for-sale/assebroek/8310/20788738
https://www.immoweb.be/en/classified/apartment-block/for-sale/bruxelles/1210/20788544
https://www.immoweb.be/en/classified/house/for-sale/vilvoorde/1800/20787623
https://www.immoweb.be/en/classified/house/for-sale/wingene/8750/20790297
https://www.immoweb.be/en/classified/house/for-sale/ruddervoorde/8020/20790318
https://www.immoweb.be/en/classified/apartment/for-sale/chatelet/6200/20792440
https://www.immoweb.be/en/classified/apartment/for-sale/bruxelles/1000/20790763
https://www.immoweb.be/en/classified/apartment/for-sale/deurne/2100/20791905
https://www.immoweb.be/en/classified/apartment/for-sale/willebroek/2830/20792161
https://www.immoweb.be/en/classified/apartment/for-sale/schaerbeek/1030/20794169
https://www.immoweb.be/en/classified/apartment/for-sale/ixelles/1050/20788981
https://www.immoweb.be/en/classified/house/for-sale/diest/3290/20764237
https://www.immoweb.be/en/classified/apartment/for-sale/ixelles/1050/20792092
https://www.immoweb.be/en/classified/penthouse/for-sale/destelbergen/9070/20810809
https://www.immoweb.be/en/classified/apartment/for-sale/fleurus/6220/20811822
https://www.immoweb.be/en/classified/flat-studio/for-sale/gent/9000/20809552
https://www.immoweb.be/en/classified/house/for-sale/berchem/2600/20805777
https://www.immoweb.be/en/classified/apartment/for-sale/oostkamp/8020/20805765
https://www.immoweb.be/en/classified/house/for-sale/galmaarden/1570/20805747
https://www.immoweb.be/en/classified/town-house/for-sale/tilleur/4420/20429930
https://www.immoweb.be/en/classified/house/for-sale/destelbergen/9070/20752543
https://www.immoweb.be/en/classified/house/for-sale/middelkerke/8432/20805741
https://www.immoweb.be/en/classified/house/for-sale/jabbeke/8490/20805740
https://www.immoweb.be/en/classified/apartment/for-sale/antwerpen/2060/11491289
https://www.immoweb.be/en/classified/apartment-block/for-sale/bruxelles/1120/20664033
https://www.immoweb.be/en/classified/duplex/for-sale/bruxelles/1000/20805737
https://www.immoweb.be/en/classified/villa/for-sale/landen/3400/20805736
https://www.immoweb.be/en/classified/house/for-sale/chimay/6460/20805735
https://www.immoweb.be/en/classified/house/for-sale/aarschot/3200/20805734
https://www.immoweb.be/en/classified/house/for-sale/libramont/6800/20805733
https://www.immoweb.be/en/classified/villa/for-sale/hertsberge/8020/20805725
https://www.immoweb.be/en/classified/apartment/for-sale/liege/4020/20805727
https://www.immoweb.be/en/classified/mansion/for-sale/nethen/1390/20805723
https://www.immoweb.be/en/classified/house/for-sale/zottegem/9620/20805721
https://www.immoweb.be/en/classified/house/for-sale/zele/9240/20805720
https://www.immoweb.be/en/classified/apartment/for-sale/oostduinkerke/8670/20805717
https://www.immoweb.be/en/classified/apartment-block/for-sale/vilvoorde/1800/20577454
https://www.immoweb.be/en/classified/apartment/for-sale/deinze/9800/20805715
https://www.immoweb.be/en/classified/apartment/for-sale/seraing-ougree/4102/20805713
https://www.immoweb.be/en/classified/house/for-sale/oostende/8400/20805712
https://www.immoweb.be/en/classified/apartment/for-sale/ixelles/1050/20805709
https://www.immoweb.be/en/classified/house/for-sale/neupre-rotheux-rimiere/4120/20697448
https://www.immoweb.be/en/classified/house/for-sale/evergem/9940/20805706
https://www.immoweb.be/en/classified/house/for-sale/rumst/2840/20805703
https://www.immoweb.be/en/classified/house/for-sale/maldegem/9990/20805702
https://www.immoweb.be/en/classified/house/for-sale/ieper-elverdinge/8906/20805699
https://www.immoweb.be/en/classified/apartment/for-sale/hoboken/2660/20803412
https://www.immoweb.be/en/classified/apartment/for-sale/bruxelles/1000/20801497
https://www.immoweb.be/en/classified/apartment/for-sale/mortsel/2640/20803063
https://www.immoweb.be/en/classified/apartment/for-sale/deinze/9800/20801471
https://www.immoweb.be/en/classified/apartment/for-sale/ekeren/2180/20803333
https://www.immoweb.be/en/classified/apartment/for-sale/ekeren/2180/20803326
https://www.immoweb.be/en/classified/apartment/for-sale/putte/2580/20804018
https://www.immoweb.be/en/classified/apartment/for-sale/turnhout/2300/20803658
https://www.immoweb.be/en/classified/apartment/for-sale/turnhout/2300/20803092
https://www.immoweb.be/en/classified/apartment/for-sale/nieuwpoort/8620/20801866
https://www.immoweb.be/en/classified/ground-floor/for-sale/deurne/2100/20801456
https://www.immoweb.be/en/classified/apartment/for-sale/geraardsbergen/9500/20804691
https://www.immoweb.be/en/classified/house/for-sale/liege/4000/20804647
https://www.immoweb.be/en/classified/house/for-sale/wavre/1300/20804489
https://www.immoweb.be/en/classified/house/for-sale/ixelles/1050/20801439
https://www.immoweb.be/en/classified/apartment/for-sale/bredene/8450/20809008
https://www.immoweb.be/en/classified/apartment/for-sale/bredene/8450/20809017
https://www.immoweb.be/en/classified/apartment/for-sale/bredene/8450/20808991
https://www.immoweb.be/en/classified/apartment/for-sale/heist-op-den-berg/2220/20813579
https://www.immoweb.be/en/classified/apartment/for-sale/bredene/8450/20809000
https://www.immoweb.be/en/classified/apartment/for-sale/nieuwpoort/8620/20809658
https://www.immoweb.be/en/classified/apartment/for-sale/hoboken/2660/20813557
https://www.immoweb.be/en/classified/apartment/for-sale/ranst/2520/20812853
https://www.immoweb.be/en/classified/apartment/for-sale/boom/2850/20809822
https://www.immoweb.be/en/classified/apartment/for-sale/izegem/8870/20809708
https://www.immoweb.be/en/classified/apartment/for-sale/borsbeek/2150/20812777
https://www.immoweb.be/en/classified/apartment/for-sale/genk/3600/20814682
https://www.immoweb.be/en/classified/apartment/for-sale/awans/4340/20813300
https://www.immoweb.be/en/classified/loft/for-sale/moorsel/9310/20812022
https://www.immoweb.be/en/classified/apartment/for-sale/dendermonde/9200/20809004
https://www.immoweb.be/en/classified/house/for-sale/forest/1190/20817890
https://www.immoweb.be/en/classified/mixed-use-building/for-sale/grivegnee/4030/20817889
https://www.immoweb.be/en/classified/house/for-sale/schaerbeek/1030/20817884
https://www.immoweb.be/en/classified/house/for-sale/woluwe-saint-lambert/1200/20817883
https://www.immoweb.be/en/classified/country-cottage/for-sale/grace-hollogne/4460/20711130
https://www.immoweb.be/en/classified/house/for-sale/anderlecht/1070/20817881
https://www.immoweb.be/en/classified/house/for-sale/colfontaine/7340/20817880
https://www.immoweb.be/en/classified/country-cottage/for-sale/ruddervoorde/8020/20817876
https://www.immoweb.be/en/classified/ground-floor/for-sale/harelbeke/8530/20615333
https://www.immoweb.be/en/classified/house/for-sale/kuurne/8520/20615334
https://www.immoweb.be/en/classified/house/for-sale/harelbeke/8530/20655042
https://www.immoweb.be/en/classified/farmhouse/for-sale/ruddervoorde/8020/20817873
https://www.immoweb.be/en/classified/apartment/for-sale/kuurne/8520/20817874
https://www.immoweb.be/en/classified/apartment/for-sale/oostende/8400/20817872
https://www.immoweb.be/en/classified/house/for-sale/gistel/8470/20817870
https://www.immoweb.be/en/classified/exceptional-property/for-sale/lasne/1380/20676147
https://www.immoweb.be/en/classified/villa/for-sale/noduwez/1350/20817866
https://www.immoweb.be/en/classified/apartment/for-sale/evere/1140/20817865
https://www.immoweb.be/en/classified/house/for-sale/bierbeek/3360/20817863
https://www.immoweb.be/en/classified/apartment/for-sale/flemalle-grande/4400/20817861
https://www.immoweb.be/en/classified/apartment/for-sale/flemalle-grande/4400/20817860
https://www.immoweb.be/en/classified/apartment/for-sale/flemalle-grande/4400/20817859
https://www.immoweb.be/en/classified/house/for-sale/erquelinnes/6560/20817858
https://www.immoweb.be/en/classified/house/for-sale/zedelgem/8210/20777139
https://www.immoweb.be/en/classified/apartment-block/for-sale/oostende/8400/20284171
https://www.immoweb.be/en/classified/ground-floor/for-sale/anderlecht-anderlecht/1070/20817852
https://www.immoweb.be/en/classified/apartment/for-sale/uccle/1180/20817851
https://www.immoweb.be/en/classified/duplex/for-sale/uccle/1180/20817850
https://www.immoweb.be/en/classified/villa/for-sale/uccle/1180/20817849
https://www.immoweb.be/en/classified/town-house/for-sale/dinant/5500/20817843
https://www.immoweb.be/en/classified/new-real-estate-project-apartments/for-sale/paal/3583/20729295
https://www.immoweb.be/en/classified/new-real-estate-project-houses/for-sale/oostrozebeke/8780/20229873
https://www.immoweb.be/en/classified/new-real-estate-project-houses/for-sale/roeselare/8800/20457507
https://www.immoweb.be/en/classified/new-real-estate-project-houses/for-sale/roeselare/8800/20457369
https://www.immoweb.be/en/classified/new-real-estate-project-apartments/for-sale/asse/1730/20637881
https://www.immoweb.be/en/classified/new-real-estate-project-apartments/for-sale/langemark-poelkapelle/8920/20287618
https://www.immoweb.be/en/classified/new-real-estate-project-apartments/for-sale/eeklo/9900/20332574
https://www.immoweb.be/en/classified/new-real-estate-project-houses/for-sale/maurage/7110/20258604
https://www.immoweb.be/en/classified/new-real-estate-project-apartments/for-sale/evere/1140/11201244
https://www.immoweb.be/en/classified/new-real-estate-project-apartments/for-sale/zaventem/1930/10959484
https://www.immoweb.be/en/classified/new-real-estate-project-apartments/for-sale/puurs-sint-amands/2890/20217248
https://www.immoweb.be/en/classified/new-real-estate-project-apartments/for-sale/kalmthout/2920/20573541
https://www.immoweb.be/en/classified/new-real-estate-project-apartments/for-sale/sint-andries/8200/20605861
https://www.immoweb.be/en/classified/ground-floor/for-sale/middelkerke/8430/20800595
https://www.immoweb.be/en/classified/new-real-estate-project-houses/for-sale/houtem/8630/20720631
https://www.immoweb.be/en/classified/new-real-estate-project-apartments/for-sale/merelbeke/9820/20157235
https://www.immoweb.be/en/classified/new-real-estate-project-apartments/for-sale/evergem/9940/10618798
https://www.immoweb.be/en/classified/new-real-estate-project-apartments/for-sale/westrozebeke/8840/20621998
https://www.immoweb.be/en/classified/new-real-estate-project-apartments/for-sale/bruxelles/1000/20670682
https://www.immoweb.be/en/classified/new-real-estate-project-apartments/for-sale/schaarbeek/1030/20670754
https://www.immoweb.be/en/classified/new-real-estate-project-apartments/for-sale/sleidinge/9940/10132105
https://www.immoweb.be/en/classified/new-real-estate-project-apartments/for-sale/mechelen/2800/20620210
https://www.immoweb.be/en/classified/new-real-estate-project-houses/for-sale/zwevegem/8550/20015727
https://www.immoweb.be/en/classified/new-real-estate-project-apartments/for-sale/antwerpen-linkeroever/2050/20568429
https://www.immoweb.be/en/classified/new-real-estate-project-houses/for-sale/roeselare/8800/20489046
https://www.immoweb.be/en/classified/new-real-estate-project-houses/for-sale/wielsbeke/8710/20176752
https://www.immoweb.be/en/classified/new-real-estate-project-houses/for-sale/zonnebeke/8980/20428562
https://www.immoweb.be/en/classified/new-real-estate-project-houses/for-sale/roeselare/8800/20520818
https://www.immoweb.be/en/classified/new-real-estate-project-houses/for-sale/roeselare/8800/20447143
https://www.immoweb.be/en/classified/new-real-estate-project-houses/for-sale/roeselare/8800/20447088
https://www.immoweb.be/en/classified/ground-floor/for-sale/anderlues/6150/20807093
https://www.immoweb.be/en/classified/apartment/for-sale/ingooigem/8570/20807082
https://www.immoweb.be/en/classified/apartment/for-sale/anderlues/6150/20807081
https://www.immoweb.be/en/classified/apartment/for-sale/anderlues/6150/20807079
https://www.immoweb.be/en/classified/new-real-estate-project-apartments/for-sale/kortrijk/8500/20807072
https://www.immoweb.be/en/classified/house/for-sale/sint-niklaas-sint-niklaas/9100/20807070
https://www.immoweb.be/en/classified/house/for-sale/la-louviere-haine-saint-pierre/7100/20785276
https://www.immoweb.be/en/classified/apartment-block/for-sale/seraing/4100/20807066
https://www.immoweb.be/en/classified/house/for-sale/aalter/9880/20807063
https://www.immoweb.be/en/classified/apartment/for-sale/oostende/8400/20807062
https://www.immoweb.be/en/classified/duplex/for-sale/marchin/4570/20807061
https://www.immoweb.be/en/classified/duplex/for-sale/gosselies/6041/20807060
https://www.immoweb.be/en/classified/apartment/for-sale/adegem/9991/20701955
https://www.immoweb.be/en/classified/ground-floor/for-sale/antwerpen/2060/20807051
https://www.immoweb.be/en/classified/house/for-sale/charleroi/6031/20807050
https://www.immoweb.be/en/classified/apartment/for-sale/anderlecht/1070/20807048
https://www.immoweb.be/en/classified/duplex/for-sale/berlaar/2590/20807047
https://www.immoweb.be/en/classified/house/for-sale/soumagne/4630/20807046
https://www.immoweb.be/en/classified/villa/for-sale/sijsele/8340/20807044
https://www.immoweb.be/en/classified/house/for-sale/uccle/1180/20807043
https://www.immoweb.be/en/classified/house/for-sale/froidfontaine/5576/20807040
https://www.immoweb.be/en/classified/house/for-sale/saint-hubert/6870/20807038
https://www.immoweb.be/en/classified/apartment/for-sale/jette/1090/20807037
https://www.immoweb.be/en/classified/house/for-sale/jette/1090/20807036
https://www.immoweb.be/en/classified/house/for-sale/liedekerke/1770/20807034
https://www.immoweb.be/en/classified/country-cottage/for-sale/chaumont-gistoux/1325/20807029
https://www.immoweb.be/en/classified/duplex/for-sale/herstal/4040/20807028
https://www.immoweb.be/en/classified/apartment/for-sale/uccle/1180/20807022
https://www.immoweb.be/en/classified/house/for-sale/mol/2400/20807021
https://www.immoweb.be/en/classified/new-real-estate-project-houses/for-sale/roeselare/8800/20807018
https://www.immoweb.be/en/classified/house/for-sale/watermael-boitsfort/1170/20755047
https://www.immoweb.be/en/classified/house/for-sale/stekene/9190/20767082
https://www.immoweb.be/en/classified/house/for-sale/cheratte/4602/20754508
https://www.immoweb.be/en/classified/house/for-sale/tremelo/3128/20816810
https://www.immoweb.be/en/classified/apartment/for-sale/uccle/1180/20747425
https://www.immoweb.be/en/classified/exceptional-property/for-sale/berlaar/2590/20816597
https://www.immoweb.be/en/classified/castle/for-sale/assenede-boekhoute/9961/20816739
https://www.immoweb.be/en/classified/apartment/for-sale/ans/4430/20817907
https://www.immoweb.be/en/classified/house/for-sale/souvret/6182/20797393
https://www.immoweb.be/en/classified/house/for-sale/deerlijk/8540/20799441
https://www.immoweb.be/en/classified/villa/for-sale/kortrijk/8500/20797957
https://www.immoweb.be/en/classified/penthouse/for-sale/antwerpen/2018/20817163
https://www.immoweb.be/en/classified/mixed-use-building/for-sale/merelbeke/9820/20797414
https://www.immoweb.be/en/classified/house/for-sale/kraainem/1950/20795738
https://www.immoweb.be/en/classified/apartment/for-sale/gentbrugge/9050/20768306
https://www.immoweb.be/en/classified/apartment/for-sale/bruxelles/1000/20793133
https://www.immoweb.be/en/classified/apartment/for-sale/zelzate/9060/20791238
https://www.immoweb.be/en/classified/apartment/for-sale/izegem/8870/20789052
https://www.immoweb.be/en/classified/apartment/for-sale/zeebrugge/8380/20789718
https://www.immoweb.be/en/classified/apartment/for-sale/schaerbeek/1030/20791422
https://www.immoweb.be/en/classified/apartment/for-sale/nieuwpoort/8620/20789021
https://www.immoweb.be/en/classified/penthouse/for-sale/jette/1090/20791442
https://www.immoweb.be/en/classified/apartment/for-sale/ixelles/1050/20792380
https://www.immoweb.be/en/classified/apartment-block/for-sale/laeken/1020/20612058
https://www.immoweb.be/en/classified/villa/for-sale/oostmalle/2390/20777644
https://www.immoweb.be/en/classified/house/for-sale/liege/4000/20807419
https://www.immoweb.be/en/classified/house/for-sale/amay-amay/4540/20805698
https://www.immoweb.be/en/classified/house/for-sale/herstal/4040/20806331
https://www.immoweb.be/en/classified/house/for-sale/geraardsbergen/9500/20810093
https://www.immoweb.be/en/classified/house/for-sale/jambes/5100/20801350
https://www.immoweb.be/en/classified/mixed-use-building/for-sale/vilvoorde/1800/20651670
https://www.immoweb.be/en/classified/house/for-sale/vilvoorde-vilvoorde/1800/20799541
https://www.immoweb.be/en/classified/house/for-sale/vilvoorde/1800/20795961
https://www.immoweb.be/en/classified/house/for-sale/vilvoorde/1800/20799540
https://www.immoweb.be/en/classified/apartment/for-sale/vilvoorde-vilvoorde/1800/20795187
https://www.immoweb.be/en/classified/apartment/for-sale/vilvoorde/1800/20767298
https://www.immoweb.be/en/classified/apartment-block/for-sale/vilvoorde-vilvoorde/1800/20755591
https://www.immoweb.be/en/classified/house/for-sale/vilvoorde/1800/20764683
https://www.immoweb.be/en/classified/apartment/for-sale/vilvoorde/1800/20747759
https://www.immoweb.be/en/classified/house/for-sale/vilvoorde/1800/20720099
https://www.immoweb.be/en/classified/apartment/for-sale/vilvoorde/1800/20706639
https://www.immoweb.be/en/classified/apartment/for-sale/saint-nicolas/4420/20809273
https://www.immoweb.be/en/classified/apartment-block/for-sale/liege/4020/20809272
https://www.immoweb.be/en/classified/apartment/for-sale/arlon/6700/20809271
https://www.immoweb.be/en/classified/apartment/for-sale/antwerpen/2000/20809269
https://www.immoweb.be/en/classified/house/for-sale/antwerpen/2000/20809268
https://www.immoweb.be/en/classified/house/for-sale/embourg/4053/20809266
https://www.immoweb.be/en/classified/mixed-use-building/for-sale/saint-josse-ten-noode/1210/20670893
https://www.immoweb.be/en/classified/house/for-sale/hensies/7350/20809264
https://www.immoweb.be/en/classified/house/for-sale/beloeil/7970/20809263
https://www.immoweb.be/en/classified/house/for-sale/ellignies-saint-anne/7972/20809262
https://www.immoweb.be/en/classified/house/for-sale/woluwe-saint-lambert/1200/20809260
https://www.immoweb.be/en/classified/apartment/for-sale/aalst-nieuwerkerken/9320/20809258
https://www.immoweb.be/en/classified/house/for-sale/durbuy/6940/20809253
https://www.immoweb.be/en/classified/villa/for-sale/tubize/1480/20809250
https://www.immoweb.be/en/classified/house/for-sale/marcinelle/6001/20809241
https://www.immoweb.be/en/classified/new-real-estate-project-houses/for-sale/perwez/1360/20809222
https://www.immoweb.be/en/classified/apartment/for-sale/bruxelles-8/1080/20809215
https://www.immoweb.be/en/classified/new-real-estate-project-apartments/for-sale/knokke-heist/8300/20809213
https://www.immoweb.be/en/classified/mansion/for-sale/pont-a-celles/6230/20761433
https://www.immoweb.be/en/classified/house/for-sale/denderleeuw/9470/20787574
https://www.immoweb.be/en/classified/penthouse/for-sale/de-panne/8660/20585011
https://www.immoweb.be/en/classified/apartment/for-sale/knokke-heist/8300/20659791
https://www.immoweb.be/en/classified/villa/for-sale/uccle/1180/20789100
https://www.immoweb.be/en/classified/villa/for-sale/linkebeek/1180/20789084
https://www.immoweb.be/en/classified/apartment-block/for-sale/frameries/7080/20809516
https://www.immoweb.be/en/classified/house/for-sale/ardooie/8850/20810384
https://www.immoweb.be/en/classified/house/for-sale/halle/1500/20811071
https://www.immoweb.be/en/classified/house/for-sale/durbuy/6940/20809849
https://www.immoweb.be/en/classified/house/for-sale/brugge/8000/20812649
https://www.immoweb.be/en/classified/house/for-sale/asper/9890/20811324
https://www.immoweb.be/en/classified/house/for-sale/sterrebeek/1933/20814059
https://www.immoweb.be/en/classified/house/for-sale/ganshoren/1083/20811688
https://www.immoweb.be/en/classified/house/for-sale/merelbeke/9820/20812401
https://www.immoweb.be/en/classified/house/for-sale/oosterzele/9860/20812402
https://www.immoweb.be/en/classified/house/for-sale/ronse/9600/20790714
https://www.immoweb.be/en/classified/apartment-block/for-sale/marchin/4570/20792126
https://www.immoweb.be/en/classified/apartment/for-sale/schaerbeek/1030/20783122
https://www.immoweb.be/en/classified/house/for-sale/ruette/6760/20791831
https://www.immoweb.be/en/classified/apartment/for-sale/geraardsbergen/9500/20787400
https://www.immoweb.be/en/classified/apartment/for-sale/evere/1140/20783124
https://www.immoweb.be/en/classified/house/for-sale/machelen/1830/20789801
https://www.immoweb.be/en/classified/house/for-sale/wanze/4520/20793608
https://www.immoweb.be/en/classified/apartment/for-sale/ixelles/1050/20783128
https://www.immoweb.be/en/classified/house/for-sale/hoboken/2660/20795050
https://www.immoweb.be/en/classified/house/for-sale/archennes/1390/20793735
https://www.immoweb.be/en/classified/house/for-sale/zingem/9750/20793585
https://www.immoweb.be/en/classified/mansion/for-sale/liege/4000/20790546
https://www.immoweb.be/en/classified/apartment/for-sale/gent/9000/20784843
https://www.immoweb.be/en/classified/apartment/for-sale/saint-gilles/1060/20785488
https://www.immoweb.be/en/classified/villa/for-sale/uccle/1180/20805042
https://www.immoweb.be/en/classified/apartment/for-sale/saint-gilles/1060/20805054
https://www.immoweb.be/en/classified/penthouse/for-sale/ixelles/1050/20805040
https://www.immoweb.be/en/classified/triplex/for-sale/ixelles/1050/20805041
https://www.immoweb.be/en/classified/house/for-sale/harelbeke/8530/20698687
https://www.immoweb.be/en/classified/apartment/for-sale/chaumont-gistoux/1325/20562491
https://www.immoweb.be/en/classified/apartment/for-sale/chaumont-gistoux/1325/20560065
https://www.immoweb.be/en/classified/apartment/for-sale/chaumont-gistoux/1325/20562576
https://www.immoweb.be/en/classified/house/for-sale/wemmel/1780/20805044
https://www.immoweb.be/en/classified/apartment/for-sale/wemmel/1780/20805031
https://www.immoweb.be/en/classified/house/for-sale/zottegem/9620/20805019
https://www.immoweb.be/en/classified/house/for-sale/namur-lives-sur-meuse/5101/20805018
https://www.immoweb.be/en/classified/new-real-estate-project-apartments/for-sale/denderleeuw/9470/20804996
https://www.immoweb.be/en/classified/new-real-estate-project-apartments/for-sale/zaventem/1930/20804988
https://www.immoweb.be/en/classified/apartment/for-sale/tielt-8700/8700/20582020
https://www.immoweb.be/en/classified/house/for-sale/ingelmunster/8770/20804987
https://www.immoweb.be/en/classified/house/for-sale/nechin/7730/20804986
https://www.immoweb.be/en/classified/house/for-sale/diepenbeek/3590/20804985
https://www.immoweb.be/en/classified/house/for-sale/knokke/8300/20804984
https://www.immoweb.be/en/classified/house/for-sale/sint-amandsberg/9040/20804983
https://www.immoweb.be/en/classified/apartment/for-sale/sint-gillis-waas/9170/20804982
https://www.immoweb.be/en/classified/duplex/for-sale/sint-gillis-waas/9170/20804981
https://www.immoweb.be/en/classified/house/for-sale/harelbeke/8530/20804977
https://www.immoweb.be/en/classified/new-real-estate-project-apartments/for-sale/kortrijk/8500/20804976
https://www.immoweb.be/en/classified/house/for-sale/ieper/8900/20804975
https://www.immoweb.be/en/classified/house/for-sale/oostende/8400/20804973
https://www.immoweb.be/en/classified/apartment/for-sale/etterbeek/1040/20804480
https://www.immoweb.be/en/classified/apartment/for-sale/auderghem/1160/20804968
https://www.immoweb.be/en/classified/house/for-sale/athus/6791/20712887
https://www.immoweb.be/en/classified/apartment/for-sale/deinze/9800/20801471
https://www.immoweb.be/en/classified/new-real-estate-project-apartments/for-sale/houthulst/8650/20531753
https://www.immoweb.be/en/classified/new-real-estate-project-houses/for-sale/roeselare/8800/20428668
https://www.immoweb.be/en/classified/new-real-estate-project-apartments/for-sale/mortsel/2640/20659623
https://www.immoweb.be/en/classified/new-real-estate-project-apartments/for-sale/yvoir-godinne/5530/10894835
https://www.immoweb.be/en/classified/new-real-estate-project-houses/for-sale/thieu/7070/20620861
https://www.immoweb.be/en/classified/new-real-estate-project-apartments/for-sale/oostende/8400/10205066
https://www.immoweb.be/en/classified/new-real-estate-project-apartments/for-sale/aalst/9300/20305845
https://www.immoweb.be/en/classified/new-real-estate-project-apartments/for-sale/diksmuide/8600/20321324
https://www.immoweb.be/en/classified/new-real-estate-project-apartments/for-sale/varsenare/8490/11444649
https://www.immoweb.be/en/classified/new-real-estate-project-apartments/for-sale/kortrijk/8500/20724323
https://www.immoweb.be/en/classified/new-real-estate-project-apartments/for-sale/koksijde/8670/11258803
https://www.immoweb.be/en/classified/new-real-estate-project-apartments/for-sale/kortrijk/8500/20370278
https://www.immoweb.be/en/classified/new-real-estate-project-apartments/for-sale/turnhout/2300/20670890
https://www.immoweb.be/en/classified/new-real-estate-project-apartments/for-sale/asse/1730/20489372
https://www.immoweb.be/en/classified/new-real-estate-project-apartments/for-sale/harelbeke/8530/8803376
https://www.immoweb.be/en/classified/new-real-estate-project-houses/for-sale/roeselare/8800/20366689
https://www.immoweb.be/en/classified/new-real-estate-project-apartments/for-sale/temse/9140/11276069
https://www.immoweb.be/en/classified/new-real-estate-project-apartments/for-sale/testelt/3272/20701576
https://www.immoweb.be/en/classified/new-real-estate-project-houses/for-sale/mourcourt/7543/20453037
https://www.immoweb.be/en/classified/new-real-estate-project-houses/for-sale/mourcourt/7543/20453018
https://www.immoweb.be/en/classified/new-real-estate-project-houses/for-sale/saint-leger-7730/7730/20257519
https://www.immoweb.be/en/classified/new-real-estate-project-houses/for-sale/saint-leger-7730/7730/11395768
https://www.immoweb.be/en/classified/new-real-estate-project-apartments/for-sale/merelbeke/9820/20092011
https://www.immoweb.be/en/classified/new-real-estate-project-apartments/for-sale/zulte/9870/20637195
https://www.immoweb.be/en/classified/new-real-estate-project-houses/for-sale/dikkelvenne/9890/20657239
https://www.immoweb.be/en/classified/new-real-estate-project-apartments/for-sale/gavere/9890/11419977
https://www.immoweb.be/en/classified/new-real-estate-project-apartments/for-sale/koninksem/3700/10498266
https://www.immoweb.be/en/classified/new-real-estate-project-apartments/for-sale/staden/8840/20469454
https://www.immoweb.be/en/classified/new-real-estate-project-houses/for-sale/zonnebeke/8980/20734150
https://www.immoweb.be/en/classified/new-real-estate-project-apartments/for-sale/diest/3290/20464811
https://www.immoweb.be/en/classified/house/for-sale/fleron/4620/20807166
https://www.immoweb.be/en/classified/house/for-sale/fontaine-leveque/6140/20807160
https://www.immoweb.be/en/classified/new-real-estate-project-apartments/for-sale/lier/2500/20807143
https://www.immoweb.be/en/classified/apartment/for-sale/lier/2500/20807139
https://www.immoweb.be/en/classified/apartment/for-sale/lier/2500/20807141
https://www.immoweb.be/en/classified/house/for-sale/lier/2500/20807140
https://www.immoweb.be/en/classified/house/for-sale/waregem/8790/20807135
https://www.immoweb.be/en/classified/house/for-sale/avelgem/8580/20807137
https://www.immoweb.be/en/classified/house/for-sale/brakel/9660/20807136
https://www.immoweb.be/en/classified/house/for-sale/deerlijk/8540/20807134
https://www.immoweb.be/en/classified/house/for-sale/deerlijk/8540/20807133
https://www.immoweb.be/en/classified/apartment/for-sale/tournai/7500/20719345
https://www.immoweb.be/en/classified/house/for-sale/liege/4020/20730194
https://www.immoweb.be/en/classified/house/for-sale/liege/4020/20494272
https://www.immoweb.be/en/classified/house/for-sale/ans/4430/20574894
https://www.immoweb.be/en/classified/villa/for-sale/brasschaat/2930/20807128
https://www.immoweb.be/en/classified/house/for-sale/halle/2980/20807127
https://www.immoweb.be/en/classified/villa/for-sale/meerle/2328/20807126
https://www.immoweb.be/en/classified/new-real-estate-project-houses/for-sale/deinze/9800/20807113
https://www.immoweb.be/en/classified/apartment/for-sale/andenne/5300/20807110
https://www.immoweb.be/en/classified/house/for-sale/antwerpen/2020/20807109
https://www.immoweb.be/en/classified/apartment/for-sale/tubize/1480/20807107
https://www.immoweb.be/en/classified/apartment/for-sale/antwerpen/2018/20807105
https://www.immoweb.be/en/classified/house/for-sale/tubize/1480/20807100
https://www.immoweb.be/en/classified/house/for-sale/beersel-dworp/1653/20807094
https://www.immoweb.be/en/classified/flat-studio/for-sale/gent/9000/20807091
https://www.immoweb.be/en/classified/house/for-sale/merelbeke/9820/20807090
https://www.immoweb.be/en/classified/house/for-sale/lede/9340/20807089
https://www.immoweb.be/en/classified/apartment/for-sale/roeselare/8800/20807084
https://www.immoweb.be/en/classified/ground-floor/for-sale/anderlues/6150/20807083
https://www.immoweb.be/en/classified/new-real-estate-project-apartments/for-sale/seraing/4100/20029999
https://www.immoweb.be/en/classified/new-real-estate-project-apartments/for-sale/mortsel/2640/20726561
https://www.immoweb.be/en/classified/new-real-estate-project-apartments/for-sale/scherpenheuvel/3270/20271603
https://www.immoweb.be/en/classified/new-real-estate-project-houses/for-sale/wiers/7608/20257517
https://www.immoweb.be/en/classified/new-real-estate-project-apartments/for-sale/deinze/9800/20299984
https://www.immoweb.be/en/classified/new-real-estate-project-houses/for-sale/barvaux-sur-ourthe/6940/20107843
https://www.immoweb.be/en/classified/new-real-estate-project-apartments/for-sale/alveringem/8690/11468030
https://www.immoweb.be/en/classified/new-real-estate-project-apartments/for-sale/namur/5000/20573812
https://www.immoweb.be/en/classified/new-real-estate-project-apartments/for-sale/namur/5000/20102297
https://www.immoweb.be/en/classified/new-real-estate-project-apartments/for-sale/liege/4000/10740288
https://www.immoweb.be/en/classified/new-real-estate-project-apartments/for-sale/virton/6760/10257238
https://www.immoweb.be/en/classified/new-real-estate-project-apartments/for-sale/oudenaarde/9700/11437134
https://www.immoweb.be/en/classified/new-real-estate-project-houses/for-sale/fleurus/6220/11325798
https://www.immoweb.be/en/classified/new-real-estate-project-apartments/for-sale/bilzen/3740/10739615
https://www.immoweb.be/en/classified/new-real-estate-project-apartments/for-sale/middelkerke/8430/20482341
https://www.immoweb.be/en/classified/new-real-estate-project-apartments/for-sale/middelkerke/8430/20482214
https://www.immoweb.be/en/classified/new-real-estate-project-apartments/for-sale/deerlijk/8540/10562939
https://www.immoweb.be/en/classified/new-real-estate-project-apartments/for-sale/wielsbeke/8710/10685520
https://www.immoweb.be/en/classified/new-real-estate-project-apartments/for-sale/ieper/8900/20266328
https://www.immoweb.be/en/classified/new-real-estate-project-apartments/for-sale/helecine/1357/20478435
https://www.immoweb.be/en/classified/new-real-estate-project-apartments/for-sale/mons/7000/20734443
https://www.immoweb.be/en/classified/new-real-estate-project-apartments/for-sale/turnhout/2300/20511298
https://www.immoweb.be/en/classified/new-real-estate-project-apartments/for-sale/oostende/8400/20427542
https://www.immoweb.be/en/classified/new-real-estate-project-apartments/for-sale/mettet/5640/20027721
https://www.immoweb.be/en/classified/new-real-estate-project-apartments/for-sale/oostende/8400/11188508
https://www.immoweb.be/en/classified/new-real-estate-project-apartments/for-sale/oostende/8400/20133414
https://www.immoweb.be/en/classified/new-real-estate-project-apartments/for-sale/deinze/9800/20230844
https://www.immoweb.be/en/classified/new-real-estate-project-apartments/for-sale/beveren-waas/9120/11060982
https://www.immoweb.be/en/classified/new-real-estate-project-apartments/for-sale/boom/2850/20165015
https://www.immoweb.be/en/classified/new-real-estate-project-apartments/for-sale/lede/9340/20706235
https://www.immoweb.be/en/classified/apartment/for-sale/brasschaat/2930/20807508
https://www.immoweb.be/en/classified/house/for-sale/brasschaat/2930/20807500
https://www.immoweb.be/en/classified/house/for-sale/schilde/2970/20807511
https://www.immoweb.be/en/classified/house/for-sale/brecht/2960/20807499
https://www.immoweb.be/en/classified/house/for-sale/brasschaat/2930/20807506
https://www.immoweb.be/en/classified/duplex/for-sale/schaerbeek/1030/20738915
https://www.immoweb.be/en/classified/duplex/for-sale/schaerbeek/1030/20738917
https://www.immoweb.be/en/classified/apartment/for-sale/schaerbeek/1030/20780773
https://www.immoweb.be/en/classified/apartment/for-sale/schaerbeek/1030/20780770
https://www.immoweb.be/en/classified/apartment/for-sale/dilbeek-groot-bijgaarden/1702/20807493
https://www.immoweb.be/en/classified/apartment/for-sale/dilbeek-groot-bijgaarden/1702/20807492
https://www.immoweb.be/en/classified/house/for-sale/sint-lievens-houtem/9520/20807488
https://www.immoweb.be/en/classified/house/for-sale/tournai/7500/20807482
https://www.immoweb.be/en/classified/apartment/for-sale/laeken/1020/20807479
https://www.immoweb.be/en/classified/house/for-sale/poulseur/4171/20807478
https://www.immoweb.be/en/classified/country-cottage/for-sale/comblain-au-pont/4170/20807477
https://www.immoweb.be/en/classified/house/for-sale/watermael-boitsfort/1170/20807476
https://www.immoweb.be/en/classified/ground-floor/for-sale/lokeren/9160/20807475
https://www.immoweb.be/en/classified/house/for-sale/veurne/8630/20807473
https://www.immoweb.be/en/classified/house/for-sale/saint-georges-sur-meuse/4470/20807472
https://www.immoweb.be/en/classified/house/for-sale/amay/4540/20807471
https://www.immoweb.be/en/classified/apartment/for-sale/diest/3294/20807469
https://www.immoweb.be/en/classified/house/for-sale/oostende/8400/20807467
https://www.immoweb.be/en/classified/mixed-use-building/for-sale/bruxelles/1000/20807466
https://www.immoweb.be/en/classified/apartment/for-sale/diest/3294/20807464
https://www.immoweb.be/en/classified/house/for-sale/braine-lalleud/1420/20807460
https://www.immoweb.be/en/classified/apartment/for-sale/genk/3600/20807459
https://www.immoweb.be/en/classified/house/for-sale/liedekerke/1770/20807458
https://www.immoweb.be/en/classified/house/for-sale/aalst/9300/20807457
https://www.immoweb.be/en/classified/house/for-sale/kuurne/8520/20807453
https://www.immoweb.be/en/classified/house/for-sale/anderlecht/1070/20560012
https://www.immoweb.be/en/classified/house/for-sale/kraainem/1950/20778991
https://www.immoweb.be/en/classified/house/for-sale/wavre-bierges/1301/20761526
https://www.immoweb.be/en/classified/house/for-sale/woluwe-saint-pierre/1150/20520695
https://www.immoweb.be/en/classified/house/for-sale/tervuren/3080/20732315
https://www.immoweb.be/en/classified/house/for-sale/ninove/9400/20693307
https://www.immoweb.be/en/classified/house/for-sale/oosteeklo/9968/20748130
https://www.immoweb.be/en/classified/house/for-sale/dikkelvenne/9890/20761859
https://www.immoweb.be/en/classified/apartment-block/for-sale/mortsel/2640/20780164
https://www.immoweb.be/en/classified/villa/for-sale/haacht/3150/20590030
https://www.immoweb.be/en/classified/house/for-sale/sint-lievens-houtem/9520/20733096
https://www.immoweb.be/en/classified/exceptional-property/for-sale/geer/4250/20711558
https://www.immoweb.be/en/classified/house/for-sale/woluwe-saint-lambert/1200/20708742
https://www.immoweb.be/en/classified/house/for-sale/waterloo/1410/20729682
https://www.immoweb.be/en/classified/house/for-sale/etterbeek/1040/20769101
https://www.immoweb.be/en/classified/house/for-sale/auderghem/1160/20750979
https://www.immoweb.be/en/classified/house/for-sale/woluwe-saint-lambert/1200/20733125
https://www.immoweb.be/en/classified/house/for-sale/ixelles/1050/20733713
https://www.immoweb.be/en/classified/villa/for-sale/rhode-saint-genese/1640/20755050
https://www.immoweb.be/en/classified/villa/for-sale/oosterzele/9860/20728694
https://www.immoweb.be/en/classified/house/for-sale/uccle/1180/20538502
https://www.immoweb.be/en/classified/house/for-sale/dendermonde/9200/20760580
https://www.immoweb.be/en/classified/exceptional-property/for-sale/uccle/1180/20746022
https://www.immoweb.be/en/classified/villa/for-sale/beersel/1650/20777673
https://www.immoweb.be/en/classified/exceptional-property/for-sale/spa/4900/20753128
https://www.immoweb.be/en/classified/villa/for-sale/knokke-heist/8300/20765407
https://www.immoweb.be/en/classified/farmhouse/for-sale/lochristi/9080/20706268
https://www.immoweb.be/en/classified/villa/for-sale/uccle/1180/20739287
https://www.immoweb.be/en/classified/villa/for-sale/edegem/2650/20692052
https://www.immoweb.be/en/classified/apartment/for-sale/saint-gilles/1060/20818454
https://www.immoweb.be/en/classified/house/for-sale/etterbeek/1040/20808970
https://www.immoweb.be/en/classified/house/for-sale/de-haan/8420/20808966
https://www.immoweb.be/en/classified/house/for-sale/zele/9240/20808943
https://www.immoweb.be/en/classified/house/for-sale/zwevegem/8550/20808071
https://www.immoweb.be/en/classified/new-real-estate-project-houses/for-sale/beveren-kruibeke-zwijndrecht/9120/20808932
https://www.immoweb.be/en/classified/apartment/for-sale/gent-gent/9000/20808912
https://www.immoweb.be/en/classified/apartment/for-sale/liege/4000/20808911
https://www.immoweb.be/en/classified/bungalow/for-sale/grace-hollogne/4460/20808910
https://www.immoweb.be/en/classified/apartment/for-sale/heist-knokke-heist/8301/20808909
https://www.immoweb.be/en/classified/apartment/for-sale/anderlecht-anderlecht/1070/20808908
https://www.immoweb.be/en/classified/house/for-sale/zerkegem-jabbeke/8490/20808907
https://www.immoweb.be/en/classified/house/for-sale/kontich/2550/20808906
https://www.immoweb.be/en/classified/house/for-sale/kessel/2560/20808904
https://www.immoweb.be/en/classified/house/for-sale/grivegnee/4030/20808901
https://www.immoweb.be/en/classified/duplex/for-sale/rebecq/1430/20726876
https://www.immoweb.be/en/classified/house/for-sale/dinant/5500/20807329
https://www.immoweb.be/en/classified/house/for-sale/antwerpen/2018/20808900
https://www.immoweb.be/en/classified/apartment/for-sale/rebecq/1430/20726873
https://www.immoweb.be/en/classified/new-real-estate-project-apartments/for-sale/molenbeek-saint-jean/1080/20808892
https://www.immoweb.be/en/classified/new-real-estate-project-apartments/for-sale/anderlecht/1070/20808887
https://www.immoweb.be/en/classified/apartment/for-sale/brussel/1000/20808886
https://www.immoweb.be/en/classified/mixed-use-building/for-sale/tongeren/3700/20808883
https://www.immoweb.be/en/classified/house/for-sale/affligem/1790/20808881
https://www.immoweb.be/en/classified/house/for-sale/liedekerke/1770/20808880
https://www.immoweb.be/en/classified/apartment/for-sale/wavre-bierges/1301/20808879
https://www.immoweb.be/en/classified/house/for-sale/arendonk/2370/20808878
https://www.immoweb.be/en/classified/new-real-estate-project-houses/for-sale/dendermonde-baasrode/9200/20808874
https://www.immoweb.be/en/classified/villa/for-sale/dison-andrimont/4821/20808873
https://www.immoweb.be/en/classified/apartment/for-sale/herentals/2200/20808872
https://www.immoweb.be/en/classified/new-real-estate-project-apartments/for-sale/antwerpen/2018/20808866
https://www.immoweb.be/en/classified/apartment/for-sale/mortsel/2640/20778470
https://www.immoweb.be/en/classified/apartment/for-sale/gent/9000/20778996
https://www.immoweb.be/en/classified/apartment/for-sale/bruxelles/1000/20816529
https://www.immoweb.be/en/classified/apartment/for-sale/stabroek/2940/20799160
https://www.immoweb.be/en/classified/apartment/for-sale/stabroek/2940/20799155
https://www.immoweb.be/en/classified/apartment/for-sale/stabroek/2940/20799156
https://www.immoweb.be/en/classified/apartment/for-sale/stabroek/2940/20799158
https://www.immoweb.be/en/classified/house/for-sale/deinze/9800/20800248
https://www.immoweb.be/en/classified/house/for-sale/deinze/9800/20800251
https://www.immoweb.be/en/classified/apartment/for-sale/stabroek/2940/20799159
https://www.immoweb.be/en/classified/apartment/for-sale/stabroek/2940/20799154
https://www.immoweb.be/en/classified/duplex/for-sale/forest/1190/20795268
https://www.immoweb.be/en/classified/apartment/for-sale/gent/9000/20797922
https://www.immoweb.be/en/classified/apartment/for-sale/ixelles/1050/20795919
https://www.immoweb.be/en/classified/apartment/for-sale/zaventem/1930/20794850
https://www.immoweb.be/en/classified/house/for-sale/braine-lalleud/1420/20627360
https://www.immoweb.be/en/classified/house/for-sale/ougree-seraing/4102/20800467
https://www.immoweb.be/en/classified/house/for-sale/flemalle-haute-flemalle/4400/20804069
https://www.immoweb.be/en/classified/house/for-sale/houthalen/3530/20801506
https://www.immoweb.be/en/classified/house/for-sale/liege/4020/20802406
https://www.immoweb.be/en/classified/house/for-sale/rebecq/1430/20800138
https://www.immoweb.be/en/classified/mixed-use-building/for-sale/hulste/8531/20802187
https://www.immoweb.be/en/classified/house/for-sale/marbais-villers-la-ville/1495/20801258
https://www.immoweb.be/en/classified/house/for-sale/booischot/2221/20804394
https://www.immoweb.be/en/classified/house/for-sale/overijse-overijse/3090/20802165
https://www.immoweb.be/en/classified/house/for-sale/kapelle-op-den-bos-kapelle-op-den-bos/1880/20802287
https://www.immoweb.be/en/classified/house/for-sale/sint-kwintens-lennik/1750/20804406
https://www.immoweb.be/en/classified/villa/for-sale/brasschaat/2930/20803882
https://www.immoweb.be/en/classified/house/for-sale/antheit/4520/20783464
https://www.immoweb.be/en/classified/house/for-sale/awans/4340/20769747
https://www.immoweb.be/en/classified/apartment/for-sale/kruibeke/9150/20756923
https://www.immoweb.be/en/classified/apartment/for-sale/kruibeke/9150/20807801
https://www.immoweb.be/en/classified/apartment/for-sale/uccle/1180/20807799
https://www.immoweb.be/en/classified/house/for-sale/lauwe/8930/20807798
https://www.immoweb.be/en/classified/apartment/for-sale/costa-adeje/38660/20804871
https://www.immoweb.be/en/classified/apartment/for-sale/los-cristianos/38650/20806123
https://www.immoweb.be/en/classified/bungalow/for-sale/callao-salvaje/38660/20804876
https://www.immoweb.be/en/classified/house/for-sale/adeje/38678/20804862
https://www.immoweb.be/en/classified/apartment/for-sale/brussel/1000/20807796
https://www.immoweb.be/en/classified/house/for-sale/ottenburg/3040/20786675
https://www.immoweb.be/en/classified/apartment/for-sale/gentbrugge/9050/20807792
https://www.immoweb.be/en/classified/apartment/for-sale/gentbrugge/9050/20807791
https://www.immoweb.be/en/classified/apartment/for-sale/gentbrugge/9050/20807790
https://www.immoweb.be/en/classified/apartment/for-sale/gentbrugge/9050/20807789
https://www.immoweb.be/en/classified/apartment/for-sale/gentbrugge/9050/20807788
https://www.immoweb.be/en/classified/apartment/for-sale/gentbrugge/9050/20807787
https://www.immoweb.be/en/classified/apartment/for-sale/gentbrugge/9050/20807786
https://www.immoweb.be/en/classified/apartment/for-sale/gentbrugge/9050/20807785
https://www.immoweb.be/en/classified/apartment/for-sale/gentbrugge/9050/20807784
https://www.immoweb.be/en/classified/apartment/for-sale/gentbrugge/9050/20807782
https://www.immoweb.be/en/classified/apartment/for-sale/gentbrugge/9050/20807781
https://www.immoweb.be/en/classified/apartment/for-sale/gentbrugge/9050/20807780
https://www.immoweb.be/en/classified/apartment/for-sale/gentbrugge/9050/20807778
https://www.immoweb.be/en/classified/apartment/for-sale/gentbrugge/9050/20807777
https://www.immoweb.be/en/classified/apartment/for-sale/gentbrugge/9050/20807775
https://www.immoweb.be/en/classified/apartment/for-sale/gentbrugge/9050/20807776
https://www.immoweb.be/en/classified/apartment/for-sale/gentbrugge/9050/20807774
https://www.immoweb.be/en/classified/apartment/for-sale/gentbrugge/9050/20807773
https://www.immoweb.be/en/classified/apartment/for-sale/gentbrugge/9050/20807770
https://www.immoweb.be/en/classified/apartment/for-sale/gentbrugge/9050/20807769
https://www.immoweb.be/en/classified/apartment/for-sale/oostende/8400/20793359
https://www.immoweb.be/en/classified/apartment/for-sale/willebroek/2830/20792348
https://www.immoweb.be/en/classified/house/for-sale/eeklo/9900/20798017
https://www.immoweb.be/en/classified/house/for-sale/zeebrugge/8380/20796610
https://www.immoweb.be/en/classified/house/for-sale/godarville/7160/20796510
https://www.immoweb.be/en/classified/house/for-sale/tenneville/6970/20795214
https://www.immoweb.be/en/classified/house/for-sale/beveren-kruibeke-zwijndrecht/9150/20796358
https://www.immoweb.be/en/classified/house/for-sale/borgerhout/2140/20796214
https://www.immoweb.be/en/classified/duplex/for-sale/bredene/8450/20789648
https://www.immoweb.be/en/classified/apartment/for-sale/laeken/1020/20790492
https://www.immoweb.be/en/classified/mansion/for-sale/sint-amandsberg/9040/20797977
https://www.immoweb.be/en/classified/penthouse/for-sale/uccle/1180/20794138
https://www.immoweb.be/en/classified/apartment/for-sale/gent/9000/20813741
https://www.immoweb.be/en/classified/apartment/for-sale/gent/9051/20813732
https://www.immoweb.be/en/classified/apartment/for-sale/gent/9000/20813737
https://www.immoweb.be/en/classified/apartment/for-sale/gent/9051/20813752
https://www.immoweb.be/en/classified/apartment/for-sale/gent/9000/20813743
https://www.immoweb.be/en/classified/apartment/for-sale/gent/9051/20813733
https://www.immoweb.be/en/classified/apartment/for-sale/gent/9000/20813742
https://www.immoweb.be/en/classified/apartment/for-sale/gent/9051/20813746
https://www.immoweb.be/en/classified/apartment/for-sale/laeken/1020/20815449
https://www.immoweb.be/en/classified/flat-studio/for-sale/middelkerke/8430/20811929
https://www.immoweb.be/en/classified/apartment/for-sale/oostende/8400/20809350
https://www.immoweb.be/en/classified/apartment/for-sale/morlanwelz/7140/20807393
https://www.immoweb.be/en/classified/apartment/for-sale/kortrijk/8500/20809490
https://www.immoweb.be/en/classified/apartment/for-sale/uccle/1180/20806376
https://www.immoweb.be/en/classified/apartment/for-sale/edegem/2650/20810317
https://www.immoweb.be/en/classified/penthouse/for-sale/gent/9000/20804850
https://www.immoweb.be/en/classified/apartment/for-sale/sint-pauwels/9170/20811812
https://www.immoweb.be/en/classified/apartment/for-sale/sint-pauwels/9170/20811813
https://www.immoweb.be/en/classified/apartment/for-sale/liege/4020/20810196
https://www.immoweb.be/en/classified/apartment/for-sale/knokke-heist/8300/20677057
https://www.immoweb.be/en/classified/villa/for-sale/knokke-heist/8300/20707962
https://www.immoweb.be/en/classified/duplex/for-sale/knokke-heist/8300/20731438
https://www.immoweb.be/en/classified/apartment/for-sale/knokke-heist/8300/20770138
https://www.immoweb.be/en/classified/apartment/for-sale/knokke-heist/8300/20784752
https://www.immoweb.be/en/classified/apartment/for-sale/vilvoorde/1800/20810195
https://www.immoweb.be/en/classified/house/for-sale/neupre/4120/20810189
https://www.immoweb.be/en/classified/house/for-sale/jambes/5100/20801350
https://www.immoweb.be/en/classified/apartment/for-sale/kortessem/3720/20810184
https://www.immoweb.be/en/classified/house/for-sale/molenbeek-saint-jean/1080/20810182
https://www.immoweb.be/en/classified/apartment/for-sale/merksem/2170/20810181
https://www.immoweb.be/en/classified/house/for-sale/falmagne/5500/20810178
https://www.immoweb.be/en/classified/house/for-sale/woluwe-saint-pierre/1150/20810177
https://www.immoweb.be/en/classified/house/for-sale/liege/4000/20810175
https://www.immoweb.be/en/classified/house/for-sale/de-haan/8420/20810174
https://www.immoweb.be/en/classified/house/for-sale/pont-a-celles/6230/20810173
https://www.immoweb.be/en/classified/villa/for-sale/lendelede/8860/20810172
https://www.immoweb.be/en/classified/apartment/for-sale/bruxelles/1000/20810163
https://www.immoweb.be/en/classified/apartment/for-sale/vottem/4041/20810161
https://www.immoweb.be/en/classified/villa/for-sale/woluwe-saint-pierre/1150/20810160
https://www.immoweb.be/en/classified/apartment/for-sale/tongres/3700/20810149
https://www.immoweb.be/en/classified/apartment-block/for-sale/borgerhout/2140/20810147
https://www.immoweb.be/en/classified/apartment/for-sale/borgerhout/2140/20810148
https://www.immoweb.be/en/classified/apartment/for-sale/borgerhout/2140/20810145
https://www.immoweb.be/en/classified/apartment/for-sale/borgerhout/2140/20810146
https://www.immoweb.be/en/classified/apartment/for-sale/borgerhout/2140/20810144
https://www.immoweb.be/en/classified/villa/for-sale/ruisbroek/1601/20810142
https://www.immoweb.be/en/classified/villa/for-sale/ruisbroek/1601/20810141
https://www.immoweb.be/en/classified/duplex/for-sale/opwijk/1745/20810140
https://www.immoweb.be/en/classified/house/for-sale/haut-le-wastia/5537/20815795
https://www.immoweb.be/en/classified/house/for-sale/zeebrugge/8380/20814464
https://www.immoweb.be/en/classified/house/for-sale/nivelles/1400/20815355
https://www.immoweb.be/en/classified/house/for-sale/saint-nicolas/4420/20792651
https://www.immoweb.be/en/classified/house/for-sale/niel/2845/20797967
https://www.immoweb.be/en/classified/house/for-sale/kapellen/2950/20797429
https://www.immoweb.be/en/classified/house/for-sale/herstal/4041/20794847
https://www.immoweb.be/en/classified/house/for-sale/eke/9810/20793925
https://www.immoweb.be/en/classified/mansion/for-sale/sint-niklaas/9100/20795126
https://www.immoweb.be/en/classified/exceptional-property/for-sale/wommelgem/2160/20797503
https://www.immoweb.be/en/classified/house/for-sale/kuurne/8520/20793826
https://www.immoweb.be/en/classified/exceptional-property/for-sale/uccle/1180/20794139
https://www.immoweb.be/en/classified/apartment/for-sale/woluwe-saint-lambert/1200/20721316
https://www.immoweb.be/en/classified/apartment/for-sale/bruxelles/1000/20812184
https://www.immoweb.be/en/classified/apartment/for-sale/bredene/8450/20795036
https://www.immoweb.be/en/classified/apartment/for-sale/bruxelles/1000/20794581
https://www.immoweb.be/en/classified/apartment/for-sale/antwerpen/2000/20796462
https://www.immoweb.be/en/classified/apartment/for-sale/forest/1190/20797681
https://www.immoweb.be/en/classified/apartment/for-sale/puurs-sint-amands/2870/20792590
https://www.immoweb.be/en/classified/apartment/for-sale/uccle/1180/20795937
https://www.immoweb.be/en/classified/apartment/for-sale/knokke-heist/8300/20792563
https://www.immoweb.be/en/classified/apartment/for-sale/knokke/8300/20792595
https://www.immoweb.be/en/classified/house/for-sale/gavere/9890/20802953
https://www.immoweb.be/en/classified/house/for-sale/wilrijk/2610/20777907
https://www.immoweb.be/en/classified/house/for-sale/ledeberg/9050/20804714
https://www.immoweb.be/en/classified/apartment-block/for-sale/westouter/8954/20805162
https://www.immoweb.be/en/classified/villa/for-sale/liedekerke/1770/20804444
https://www.immoweb.be/en/classified/house/for-sale/machelen-1830/1830/20781927
https://www.immoweb.be/en/classified/house/for-sale/zandvliet/2040/20784660
https://www.immoweb.be/en/classified/house/for-sale/gent-wondelgem/9032/20785078
https://www.immoweb.be/en/classified/town-house/for-sale/beersel/1650/20812671
https://www.immoweb.be/en/classified/bungalow/for-sale/huy/4500/20812670
https://www.immoweb.be/en/classified/new-real-estate-project-apartments/for-sale/oostkamp/8020/20812668
https://www.immoweb.be/en/classified/duplex/for-sale/andenne-andenne/5300/20812667
https://www.immoweb.be/en/classified/ground-floor/for-sale/laeken/1020/20812666
https://www.immoweb.be/en/classified/ground-floor/for-sale/elsene/1050/20812664
https://www.immoweb.be/en/classified/house/for-sale/grace-hollogne/4460/20609795
https://www.immoweb.be/en/classified/house/for-sale/seraing/4100/20615643
https://www.immoweb.be/en/classified/apartment/for-sale/schoten/2900/20787905
https://www.immoweb.be/en/classified/bungalow/for-sale/embourg/4053/20728216
https://www.immoweb.be/en/classified/house/for-sale/liege/4000/20728905
https://www.immoweb.be/en/classified/mixed-use-building/for-sale/seraing/4100/20738696
https://www.immoweb.be/en/classified/house/for-sale/liege/4000/20760593
https://www.immoweb.be/en/classified/apartment/for-sale/herk-de-stad/3540/20812661
https://www.immoweb.be/en/classified/apartment/for-sale/paliseul/6850/20812657
https://www.immoweb.be/en/classified/house/for-sale/wavre/1300/20812656
https://www.immoweb.be/en/classified/house/for-sale/zwevegem-moen/8552/20812650
https://www.immoweb.be/en/classified/house/for-sale/brugge/8000/20812649
https://www.immoweb.be/en/classified/house/for-sale/halen/3545/20812647
https://www.immoweb.be/en/classified/house/for-sale/tournai/7500/20812645
https://www.immoweb.be/en/classified/house/for-sale/schelle/2627/20812644
https://www.immoweb.be/en/classified/house/for-sale/brasschaat/2930/20812640
https://www.immoweb.be/en/classified/exceptional-property/for-sale/keerbergen/3140/20812639
https://www.immoweb.be/en/classified/apartment/for-sale/forest/1190/20627730
https://www.immoweb.be/en/classified/house/for-sale/buggenhout/9255/20812638
https://www.immoweb.be/en/classified/house/for-sale/mariakerke/9030/20812636
https://www.immoweb.be/en/classified/house/for-sale/mouscron/7700/20812635
https://www.immoweb.be/en/classified/new-real-estate-project-houses/for-sale/wavre/1300/20812630
https://www.immoweb.be/en/classified/house/for-sale/zellik/1731/20812634
https://www.immoweb.be/en/classified/apartment-block/for-sale/uccle/1180/20812627
https://www.immoweb.be/en/classified/duplex/for-sale/ixelles/1050/20807284
https://www.immoweb.be/en/classified/apartment/for-sale/aalst-9300/9300/20763911
https://www.immoweb.be/en/classified/house/for-sale/eeklo/9900/20807732
https://www.immoweb.be/en/classified/house/for-sale/eeklo/9900/20807731
https://www.immoweb.be/en/classified/house/for-sale/anthisnes/4163/20723218
https://www.immoweb.be/en/classified/house/for-sale/baarle-hertog/2387/20777701
https://www.immoweb.be/en/classified/mansion/for-sale/anderlecht/1070/20720691
https://www.immoweb.be/en/classified/apartment/for-sale/de-haan/8420/20779983
https://www.immoweb.be/en/classified/apartment/for-sale/oostende/8400/20780631
https://www.immoweb.be/en/classified/duplex/for-sale/oostende/8400/20780171
https://www.immoweb.be/en/classified/apartment/for-sale/de-panne/8660/20468069
https://www.immoweb.be/en/classified/house/for-sale/oostende/8400/20809316
https://www.immoweb.be/en/classified/house/for-sale/ivoz-ramet-flemalle/4400/20809527
https://www.immoweb.be/en/classified/house/for-sale/beerse/2340/20810516
https://www.immoweb.be/en/classified/apartment/for-sale/bruxelles/1000/20773522
https://www.immoweb.be/en/classified/villa/for-sale/dison-andrimont/4821/20808873
https://www.immoweb.be/en/classified/villa/for-sale/wenduine/8420/20807736
https://www.immoweb.be/en/classified/duplex/for-sale/bruxelles/1000/20754829
https://www.immoweb.be/en/classified/ground-floor/for-sale/ixelles/1050/20629126
https://www.immoweb.be/en/classified/apartment/for-sale/bruxelles/1180/20778973
https://www.immoweb.be/en/classified/apartment/for-sale/knokke/8300/20780351
https://www.immoweb.be/en/classified/duplex/for-sale/ixelles/1050/20482355
https://www.immoweb.be/en/classified/triplex/for-sale/uccle/1180/20538765
https://www.immoweb.be/en/classified/house/for-sale/schriek/2223/20807872
https://www.immoweb.be/en/classified/penthouse/for-sale/antwerpen/2000/20757297
https://www.immoweb.be/en/classified/bungalow/for-sale/blaimont/5542/20786493
https://www.immoweb.be/en/classified/house/for-sale/meerhout/2450/20791522
https://www.immoweb.be/en/classified/house/for-sale/oostende/8400/20788519
https://www.immoweb.be/en/classified/house/for-sale/mechelen/2800/20785995
https://www.immoweb.be/en/classified/house/for-sale/stekene/9190/20789931
https://www.immoweb.be/en/classified/house/for-sale/brasschaat/2930/20810137
https://www.immoweb.be/en/classified/villa/for-sale/zeebrugge/8380/20810133
https://www.immoweb.be/en/classified/house/for-sale/peruwelz/7600/20810130
https://www.immoweb.be/en/classified/house/for-sale/olen/2250/20810129
https://www.immoweb.be/en/classified/house/for-sale/semmerzake/9890/20810128
https://www.immoweb.be/en/classified/ground-floor/for-sale/roeselare/8800/20810126
https://www.immoweb.be/en/classified/apartment/for-sale/hoboken/2660/20810127
https://www.immoweb.be/en/classified/apartment/for-sale/ixelles/1050/20810120
https://www.immoweb.be/en/classified/house/for-sale/liege/4000/20810117
https://www.immoweb.be/en/classified/house/for-sale/ivoz-ramet-flemalle/4400/20810116
https://www.immoweb.be/en/classified/house/for-sale/liege/4000/20807173
https://www.immoweb.be/en/classified/house/for-sale/gesves/5340/20810114
https://www.immoweb.be/en/classified/apartment/for-sale/beringen/3582/20810113
https://www.immoweb.be/en/classified/apartment/for-sale/heusden-zolder/3550/20810112
https://www.immoweb.be/en/classified/ground-floor/for-sale/saint-gilles/1060/20810110
https://www.immoweb.be/en/classified/mixed-use-building/for-sale/genk/3600/20810109
https://www.immoweb.be/en/classified/house/for-sale/theux/4910/20810108
https://www.immoweb.be/en/classified/house/for-sale/mol/2400/20810105
https://www.immoweb.be/en/classified/house/for-sale/oudenburg/8460/20810104
https://www.immoweb.be/en/classified/house/for-sale/bredene/8450/20810103
https://www.immoweb.be/en/classified/apartment/for-sale/saint-gilles/1060/20810101
https://www.immoweb.be/en/classified/apartment/for-sale/harelbeke/8530/20810100
https://www.immoweb.be/en/classified/apartment/for-sale/onkerzele/9500/20810099
https://www.immoweb.be/en/classified/house/for-sale/ophasselt/9500/20810098
https://www.immoweb.be/en/classified/apartment/for-sale/ninove/9400/20810095
https://www.immoweb.be/en/classified/house/for-sale/herzele/9550/20810102
https://www.immoweb.be/en/classified/house/for-sale/geraardsbergen/9500/20810093
https://www.immoweb.be/en/classified/house/for-sale/geraardsbergen/9500/20810094
https://www.immoweb.be/en/classified/apartment/for-sale/laeken/1020/20810091
https://www.immoweb.be/en/classified/house/for-sale/beaumont/6500/20810089
https://www.immoweb.be/en/classified/new-real-estate-project-apartments/for-sale/braine-lalleud/1420/20699511
https://www.immoweb.be/en/classified/new-real-estate-project-apartments/for-sale/wommelgem/2160/20495949
https://www.immoweb.be/en/classified/new-real-estate-project-houses/for-sale/laakdal/2430/11369137
https://www.immoweb.be/en/classified/new-real-estate-project-houses/for-sale/berlaar/2590/20734415
https://www.immoweb.be/en/classified/new-real-estate-project-houses/for-sale/namur/5000/20663298
https://www.immoweb.be/en/classified/new-real-estate-project-houses/for-sale/namur-vedrin/5020/20443087
https://www.immoweb.be/en/classified/new-real-estate-project-houses/for-sale/messancy/6780/20584071
https://www.immoweb.be/en/classified/new-real-estate-project-houses/for-sale/hertsberge/8020/20578824
https://www.immoweb.be/en/classified/new-real-estate-project-apartments/for-sale/heist-aan-zee/8301/20662222
https://www.immoweb.be/en/classified/new-real-estate-project-houses/for-sale/de-haan/8420/20676437
https://www.immoweb.be/en/classified/new-real-estate-project-houses/for-sale/torhout/8820/8659717
https://www.immoweb.be/en/classified/new-real-estate-project-houses/for-sale/oudenaarde/9700/11273268
https://www.immoweb.be/en/classified/new-real-estate-project-apartments/for-sale/braine-lalleud/1420/20676842
https://www.immoweb.be/en/classified/new-real-estate-project-houses/for-sale/heist-op-den-berg/2220/10772687
https://www.immoweb.be/en/classified/new-real-estate-project-houses/for-sale/langemark-poelkapelle/8920/20258498
https://www.immoweb.be/en/classified/new-real-estate-project-houses/for-sale/roosdaal/1760/20716866
https://www.immoweb.be/en/classified/new-real-estate-project-apartments/for-sale/antwerpen-2000/2000/11027595
https://www.immoweb.be/en/classified/new-real-estate-project-houses/for-sale/balegem/9860/20653430
https://www.immoweb.be/en/classified/new-real-estate-project-houses/for-sale/beernem/8730/20347734
https://www.immoweb.be/en/classified/new-real-estate-project-houses/for-sale/waregem/8790/10077901
https://www.immoweb.be/en/classified/new-real-estate-project-houses/for-sale/anzegem/8570/11227943
https://www.immoweb.be/en/classified/new-real-estate-project-apartments/for-sale/knokke/8300/20370262
https://www.immoweb.be/en/classified/new-real-estate-project-houses/for-sale/lokeren/9160/20431727
https://www.immoweb.be/en/classified/new-real-estate-project-apartments/for-sale/deinze/9800/20110193
https://www.immoweb.be/en/classified/new-real-estate-project-houses/for-sale/evergem/9940/20176441
https://www.immoweb.be/en/classified/new-real-estate-project-houses/for-sale/westerlo/2260/10380772
https://www.immoweb.be/en/classified/new-real-estate-project-apartments/for-sale/brussel/1000/20042445
https://www.immoweb.be/en/classified/new-real-estate-project-apartments/for-sale/leuven/3000/10944879
https://www.immoweb.be/en/classified/new-real-estate-project-houses/for-sale/middelkerke/8432/20344726
https://www.immoweb.be/en/classified/new-real-estate-project-houses/for-sale/leffinge/8432/20324569
https://www.immoweb.be/en/classified/house/for-sale/mons-lez-liege/4400/20806368
https://www.immoweb.be/en/classified/house/for-sale/zedelgem/8210/20806367
https://www.immoweb.be/en/classified/apartment/for-sale/forest/1190/20582670
https://www.immoweb.be/en/classified/duplex/for-sale/forest/1190/20582667
https://www.immoweb.be/en/classified/duplex/for-sale/forest/1190/20675073
https://www.immoweb.be/en/classified/flat-studio/for-sale/forest/1190/20675072
https://www.immoweb.be/en/classified/flat-studio/for-sale/forest/1190/20675070
https://www.immoweb.be/en/classified/apartment/for-sale/saint-gilles/1060/20692481
https://www.immoweb.be/en/classified/apartment/for-sale/saint-gilles/1060/20761653
https://www.immoweb.be/en/classified/house/for-sale/scherpenheuvel-zichem/3271/20806366
https://www.immoweb.be/en/classified/apartment/for-sale/namur/5000/20806365
https://www.immoweb.be/en/classified/house/for-sale/sint-stevens-woluwe/1932/20806363
https://www.immoweb.be/en/classified/house/for-sale/sainte-ode/6680/20806361
https://www.immoweb.be/en/classified/house/for-sale/namur/5000/20806359
https://www.immoweb.be/en/classified/house/for-sale/aywaille/4920/20787384
https://www.immoweb.be/en/classified/house/for-sale/genk/3600/20806357
https://www.immoweb.be/en/classified/house/for-sale/heist-op-den-berg/2220/20806355
https://www.immoweb.be/en/classified/house/for-sale/mons-lez-liege/4400/20806354
https://www.immoweb.be/en/classified/villa/for-sale/schilde/2970/20806352
https://www.immoweb.be/en/classified/house/for-sale/schilde/2970/20806351
https://www.immoweb.be/en/classified/triplex/for-sale/halle/1500/20806349
https://www.immoweb.be/en/classified/ground-floor/for-sale/wavre/1300/20806348
https://www.immoweb.be/en/classified/house/for-sale/lauwe/8930/20806347
https://www.immoweb.be/en/classified/apartment/for-sale/berchem/2600/20806345
https://www.immoweb.be/en/classified/house/for-sale/sint-jans-molenbeek/1080/20371585
https://www.immoweb.be/en/classified/villa/for-sale/zoersel/2980/20804600
https://www.immoweb.be/en/classified/villa/for-sale/zoersel/2980/20787798
https://www.immoweb.be/en/classified/villa/for-sale/zoersel/2980/20688248
https://www.immoweb.be/en/classified/house/for-sale/zoersel/2980/20683300
https://www.immoweb.be/en/classified/apartment/for-sale/antwerpen-ekeren/2180/20692181
https://www.immoweb.be/en/classified/house/for-sale/graide/5555/20795317
https://www.immoweb.be/en/classified/house/for-sale/kessel-lo/3010/20794393
https://www.immoweb.be/en/classified/house/for-sale/rixensart/1330/20792316
https://www.immoweb.be/en/classified/bungalow/for-sale/de-panne/8660/20792781
https://www.immoweb.be/en/classified/apartment-block/for-sale/merksem/2170/20758450
https://www.immoweb.be/en/classified/apartment-block/for-sale/merksem/2170/20758475
https://www.immoweb.be/en/classified/country-cottage/for-sale/hertsberge/8020/20793344
https://www.immoweb.be/en/classified/house/for-sale/dison/4820/20752746
https://www.immoweb.be/en/classified/apartment/for-sale/ronse/9600/20708834
https://www.immoweb.be/en/classified/penthouse/for-sale/aarschot/3200/20749561
https://www.immoweb.be/en/classified/apartment/for-sale/waterloo/1410/20778648
https://www.immoweb.be/en/classified/apartment/for-sale/bruxelles/1000/20801429
https://www.immoweb.be/en/classified/new-real-estate-project-apartments/for-sale/waterloo/1410/20805248
https://www.immoweb.be/en/classified/apartment/for-sale/forest/1190/20778184
https://www.immoweb.be/en/classified/apartment-block/for-sale/malmedy/4960/20590726
https://www.immoweb.be/en/classified/apartment/for-sale/aalst/9300/20790171
https://www.immoweb.be/en/classified/house/for-sale/hannut/4280/20718352
https://www.immoweb.be/en/classified/house/for-sale/rixensart/1330/11215511
https://www.immoweb.be/en/classified/apartment/for-sale/zeebrugge/8380/20786104
https://www.immoweb.be/en/classified/duplex/for-sale/ham/3945/20788513
https://www.immoweb.be/en/classified/apartment/for-sale/molenbeek-saint-jean/1080/20790216
https://www.immoweb.be/en/classified/house/for-sale/merelbeke-melle/9820/20624558
https://www.immoweb.be/en/classified/house/for-sale/fleurus/6220/20335240
https://www.immoweb.be/en/classified/apartment/for-sale/oostende/8400/20788068
https://www.immoweb.be/en/classified/apartment/for-sale/leuven/3000/20785264
https://www.immoweb.be/en/classified/apartment/for-sale/leuven/3000/20785288
https://www.immoweb.be/en/classified/house/for-sale/oupeye/4680/20547041
https://www.immoweb.be/en/classified/ground-floor/for-sale/merelbeke/9820/20787899
https://www.immoweb.be/en/classified/apartment/for-sale/heure-le-romain/4682/20789361
https://www.immoweb.be/en/classified/house/for-sale/heist-op-den-berg/2220/20722601
https://www.immoweb.be/en/classified/apartment/for-sale/neufchateau/6840/20805424
https://www.immoweb.be/en/classified/house/for-sale/marchin/4500/20805419
https://www.immoweb.be/en/classified/house/for-sale/antoing/7641/20805409
https://www.immoweb.be/en/classified/kot/for-sale/leuven/3000/20805408
https://www.immoweb.be/en/classified/house/for-sale/brugge/8310/20805406
https://www.immoweb.be/en/classified/penthouse/for-sale/ixelles/1050/20805404
https://www.immoweb.be/en/classified/mixed-use-building/for-sale/etterbeek/1040/20805403
https://www.immoweb.be/en/classified/house/for-sale/maaseik/3680/20805400
https://www.immoweb.be/en/classified/house/for-sale/evere/1140/20805399
https://www.immoweb.be/en/classified/triplex/for-sale/bruxelles/1000/20805397
https://www.immoweb.be/en/classified/apartment-block/for-sale/mechelen/2800/20805396
https://www.immoweb.be/en/classified/exceptional-property/for-sale/beez/5000/20805395
https://www.immoweb.be/en/classified/house/for-sale/seraing/4100/20805394
https://www.immoweb.be/en/classified/house/for-sale/dilbeek/1700/20805393
https://www.immoweb.be/en/classified/flat-studio/for-sale/arlon/6700/20805392
https://www.immoweb.be/en/classified/house/for-sale/wevelgem/8560/20805391
https://www.immoweb.be/en/classified/apartment/for-sale/watermael-boitsfort/1170/20805389
https://www.immoweb.be/en/classified/apartment/for-sale/ixelles/1050/20805387
https://www.immoweb.be/en/classified/apartment/for-sale/ixelles/1050/20805386
https://www.immoweb.be/en/classified/apartment/for-sale/ixelles/1050/20805388
https://www.immoweb.be/en/classified/house/for-sale/kapellen/2950/20805398
https://www.immoweb.be/en/classified/exceptional-property/for-sale/stabroek/2940/20805385
https://www.immoweb.be/en/classified/villa/for-sale/wierde-namur/5100/20805381
https://www.immoweb.be/en/classified/house/for-sale/balen/2490/20805378
https://www.immoweb.be/en/classified/triplex/for-sale/saint-gilles/1060/20805365
https://www.immoweb.be/en/classified/house/for-sale/uccle/1180/20805364
https://www.immoweb.be/en/classified/house/for-sale/halle/1500/20805361
https://www.immoweb.be/en/classified/house/for-sale/halle-lembeek/1502/20805362
https://www.immoweb.be/en/classified/house/for-sale/sint-genesius-rode/1640/20805360
https://www.immoweb.be/en/classified/house/for-sale/charleroi/6000/20805358
https://www.immoweb.be/en/classified/house/for-sale/lier/2500/20542768
https://www.immoweb.be/en/classified/apartment-block/for-sale/liege/4000/20284882
https://www.immoweb.be/en/classified/house/for-sale/waterloo/1410/20499122
https://www.immoweb.be/en/classified/house/for-sale/meulebeke/8760/20777979
https://www.immoweb.be/en/classified/house/for-sale/jumet/6040/20657640
https://www.immoweb.be/en/classified/apartment/for-sale/zeebrugge/8380/20771393
https://www.immoweb.be/en/classified/apartment/for-sale/malle/2390/20776531
https://www.immoweb.be/en/classified/apartment/for-sale/de-panne/8660/20772701
https://www.immoweb.be/en/classified/house/for-sale/sint-pieters-leeuw/1600/20777542
https://www.immoweb.be/en/classified/house/for-sale/antwerpen/2060/20773305
https://www.immoweb.be/en/classified/apartment/for-sale/gent/9000/20773067
https://www.immoweb.be/en/classified/ground-floor/for-sale/uccle/1180/20776509
https://www.immoweb.be/en/classified/villa/for-sale/edegem/2650/20778905
https://www.immoweb.be/en/classified/house/for-sale/beauraing/5570/20804483
https://www.immoweb.be/en/classified/house/for-sale/saint-hubert/6870/20803928
https://www.immoweb.be/en/classified/house/for-sale/willebroek/2830/20802455
https://www.immoweb.be/en/classified/house/for-sale/kapellen/2950/20803560
https://www.immoweb.be/en/classified/apartment/for-sale/mechelen/2812/20728122
https://www.immoweb.be/en/classified/house/for-sale/langdorp/3201/20805831
https://www.immoweb.be/en/classified/house/for-sale/kerksken-haaltert/9451/20806090
https://www.immoweb.be/en/classified/house/for-sale/assebroek/8310/20803144
https://www.immoweb.be/en/classified/house/for-sale/scherpenheuvel-zichem/3271/20806366
https://www.immoweb.be/en/classified/house/for-sale/moustier-sur-sambre/5190/20802493
https://www.immoweb.be/en/classified/house/for-sale/kraainem/1950/20802469
https://www.immoweb.be/en/classified/villa/for-sale/oudenburg/8460/20807998
https://www.immoweb.be/en/classified/house/for-sale/braine-lalleud/1420/20804781
https://www.immoweb.be/en/classified/house/for-sale/braine-lalleud/1421/20804783
https://www.immoweb.be/en/classified/villa/for-sale/schoten/2900/20803192
https://www.immoweb.be/en/classified/house/for-sale/ixelles/1050/20801627
https://www.immoweb.be/en/classified/house/for-sale/huy/4500/20787034
https://www.immoweb.be/en/classified/house/for-sale/menen/8930/20808091
https://www.immoweb.be/en/classified/apartment/for-sale/knocke-heyst/8300/20808085
https://www.immoweb.be/en/classified/penthouse/for-sale/knocke-heyst/8300/20808084
https://www.immoweb.be/en/classified/apartment/for-sale/knocke-heyst/8300/20808083
https://www.immoweb.be/en/classified/apartment/for-sale/eeklo/9900/20808081
https://www.immoweb.be/en/classified/house/for-sale/antwerpen/2610/20808079
https://www.immoweb.be/en/classified/apartment/for-sale/hoboken/2660/20808077
https://www.immoweb.be/en/classified/apartment/for-sale/hoboken/2660/20808075
https://www.immoweb.be/en/classified/apartment/for-sale/hoboken/2660/20808076
https://www.immoweb.be/en/classified/apartment/for-sale/hoboken/2660/20808074
https://www.immoweb.be/en/classified/house/for-sale/hoboken/2660/20808073
https://www.immoweb.be/en/classified/town-house/for-sale/deurne/2100/20808072
https://www.immoweb.be/en/classified/house/for-sale/hoogstraten/2320/20808067
https://www.immoweb.be/en/classified/town-house/for-sale/edegem/2650/20808064
https://www.immoweb.be/en/classified/house/for-sale/herent/3020/20803608
https://www.immoweb.be/en/classified/house/for-sale/buizingen/1501/20804353
https://www.immoweb.be/en/classified/house/for-sale/halle/1500/20804030
https://www.immoweb.be/en/classified/house/for-sale/rendeux/6987/20808063
https://www.immoweb.be/en/classified/new-real-estate-project-apartments/for-sale/mortsel/2640/20659623
https://www.immoweb.be/en/classified/new-real-estate-project-apartments/for-sale/mortsel/2640/20726561
https://www.immoweb.be/en/classified/ground-floor/for-sale/merksem/2170/20796300
https://www.immoweb.be/en/classified/house/for-sale/mortsel/2640/20760788
https://www.immoweb.be/en/classified/apartment/for-sale/merksem/2170/20807077
https://www.immoweb.be/en/classified/apartment/for-sale/berchem/2600/20808060
https://www.immoweb.be/en/classified/house/for-sale/melsele/9120/20808059
https://www.immoweb.be/en/classified/apartment/for-sale/merksem/2170/20792979
https://www.immoweb.be/en/classified/house/for-sale/escanaffles/7760/20808057
https://www.immoweb.be/en/classified/house/for-sale/sint-pieters-leeuw/1600/20808054
https://www.immoweb.be/en/classified/house/for-sale/mortsel/2640/20808052
https://www.immoweb.be/en/classified/house/for-sale/boom/2850/20808048
https://www.immoweb.be/en/classified/new-real-estate-project-houses/for-sale/aalter/9880/20301658
https://www.immoweb.be/en/classified/new-real-estate-project-apartments/for-sale/lier/2500/20726633
https://www.immoweb.be/en/classified/new-real-estate-project-apartments/for-sale/brussel/1000/20026094
https://www.immoweb.be/en/classified/new-real-estate-project-apartments/for-sale/schaerbeek/1030/20472281
https://www.immoweb.be/en/classified/new-real-estate-project-apartments/for-sale/saint-gilles/1060/20668733
https://www.immoweb.be/en/classified/new-real-estate-project-apartments/for-sale/boortmeerbeek/3190/10977349
https://www.immoweb.be/en/classified/new-real-estate-project-apartments/for-sale/genk/3600/20302641
https://www.immoweb.be/en/classified/new-real-estate-project-apartments/for-sale/deinze/9800/20736832
https://www.immoweb.be/en/classified/new-real-estate-project-houses/for-sale/wetteren/9230/11327484
https://www.immoweb.be/en/classified/new-real-estate-project-apartments/for-sale/bierbeek/3360/20124239
https://www.immoweb.be/en/classified/new-real-estate-project-apartments/for-sale/woluwe-saint-lambert/1200/11440119
https://www.immoweb.be/en/classified/new-real-estate-project-apartments/for-sale/merelbeke/9820/20331210
https://www.immoweb.be/en/classified/new-real-estate-project-apartments/for-sale/brussel/1000/20026097
https://www.immoweb.be/en/classified/new-real-estate-project-houses/for-sale/lauwe/8930/20645602
https://www.immoweb.be/en/classified/new-real-estate-project-houses/for-sale/snaaskerke/8470/20041119
https://www.immoweb.be/en/classified/new-real-estate-project-houses/for-sale/kortrijk/8500/20544426
https://www.immoweb.be/en/classified/new-real-estate-project-houses/for-sale/libramont-chevigny/6800/20225393
https://www.immoweb.be/en/classified/new-real-estate-project-houses/for-sale/berlare/9290/20721352
https://www.immoweb.be/en/classified/new-real-estate-project-houses/for-sale/marche-en-famenne/6900/10156408
https://www.immoweb.be/en/classified/new-real-estate-project-houses/for-sale/leopoldsburg/3970/20272232
https://www.immoweb.be/en/classified/new-real-estate-project-houses/for-sale/varsenare/8490/10766844
https://www.immoweb.be/en/classified/new-real-estate-project-apartments/for-sale/braine-lalleud/1420/20163630
https://www.immoweb.be/en/classified/new-real-estate-project-apartments/for-sale/uccle/1180/11337212
https://www.immoweb.be/en/classified/new-real-estate-project-apartments/for-sale/braine-lalleud/1420/20697695
https://www.immoweb.be/en/classified/new-real-estate-project-houses/for-sale/tubeke/1480/11032841
https://www.immoweb.be/en/classified/new-real-estate-project-houses/for-sale/sint-gillis-dendermonde/9200/10476649
https://www.immoweb.be/en/classified/new-real-estate-project-houses/for-sale/aalter/9880/20404612
https://www.immoweb.be/en/classified/new-real-estate-project-houses/for-sale/herzele/9550/20219626
https://www.immoweb.be/en/classified/new-real-estate-project-houses/for-sale/herentals/2200/20182673
https://www.immoweb.be/en/classified/new-real-estate-project-houses/for-sale/ravels/2380/10608091
https://www.immoweb.be/en/classified/house/for-sale/ardooie/8850/20806600
https://www.immoweb.be/en/classified/house/for-sale/sombreffe/5140/20806601
https://www.immoweb.be/en/classified/house/for-sale/middelkerke/8430/20708037
https://www.immoweb.be/en/classified/house/for-sale/oudenburg/8460/20806599
https://www.immoweb.be/en/classified/apartment/for-sale/berchem/2600/20806592
https://www.immoweb.be/en/classified/house/for-sale/durbuy/6940/20806581
https://www.immoweb.be/en/classified/country-cottage/for-sale/durbuy/6940/20806583
https://www.immoweb.be/en/classified/house/for-sale/durbuy/6940/20806584
https://www.immoweb.be/en/classified/house/for-sale/verviers/4800/20806580
https://www.immoweb.be/en/classified/house/for-sale/verviers/4800/20806579
https://www.immoweb.be/en/classified/house/for-sale/booischot/2221/20806576
https://www.immoweb.be/en/classified/house/for-sale/willebroek/2830/20806575
https://www.immoweb.be/en/classified/apartment/for-sale/fleron-fleron/4620/20806574
https://www.immoweb.be/en/classified/house/for-sale/villers-le-bouillet/4530/20806573
https://www.immoweb.be/en/classified/duplex/for-sale/villers-le-bouillet/4530/20806572
https://www.immoweb.be/en/classified/apartment/for-sale/hensies/7350/20806571
https://www.immoweb.be/en/classified/house/for-sale/agimont/5544/20806570
https://www.immoweb.be/en/classified/house/for-sale/anderlecht/1070/20806568
https://www.immoweb.be/en/classified/house/for-sale/deurne/2100/20806567
https://www.immoweb.be/en/classified/apartment-block/for-sale/liege/4030/20806566
https://www.immoweb.be/en/classified/bungalow/for-sale/webbekom/3290/20806565
https://www.immoweb.be/en/classified/apartment/for-sale/hannut/4280/20806515
https://www.immoweb.be/en/classified/house/for-sale/mozet/5340/20805809
https://www.immoweb.be/en/classified/apartment/for-sale/jette/1090/20806551
https://www.immoweb.be/en/classified/apartment/for-sale/zonhoven/3520/20348866
https://www.immoweb.be/en/classified/apartment/for-sale/zonhoven/3520/20348868
https://www.immoweb.be/en/classified/apartment/for-sale/zonhoven/3520/20348865
https://www.immoweb.be/en/classified/apartment/for-sale/zonhoven/3520/20348869
https://www.immoweb.be/en/classified/apartment/for-sale/ixelles/1050/20806543
https://www.immoweb.be/en/classified/house/for-sale/temse-elversele/9140/20806542
https://www.immoweb.be/en/classified/house/for-sale/oudenaarde/9700/20813472
https://www.immoweb.be/en/classified/house/for-sale/etterbeek/1040/20814161
https://www.immoweb.be/en/classified/apartment/for-sale/uccle/1180/20797007
https://www.immoweb.be/en/classified/apartment/for-sale/antwerpen/2018/20813633
https://www.immoweb.be/en/classified/apartment/for-sale/woluwe-saint-lambert/1200/20811955
https://www.immoweb.be/en/classified/apartment/for-sale/gent/9000/20810478
https://www.immoweb.be/en/classified/apartment/for-sale/knokke-zoute/8300/20809765
https://www.immoweb.be/en/classified/house/for-sale/bertrix/6880/20801823
https://www.immoweb.be/en/classified/house/for-sale/libramont-chevigny-neuvillers/6800/20804799
https://www.immoweb.be/en/classified/house/for-sale/herstal/4040/20804908
https://www.immoweb.be/en/classified/house/for-sale/wezembeek-oppem/1970/20801593
https://www.immoweb.be/en/classified/ground-floor/for-sale/antwerpen/2000/20817972
https://www.immoweb.be/en/classified/house/for-sale/flemalle/4400/20818377
https://www.immoweb.be/en/classified/house/for-sale/erpe-mere/9420/20818677
https://www.immoweb.be/en/classified/apartment/for-sale/ixelles/1050/20818455
https://www.immoweb.be/en/classified/house/for-sale/brakel/9660/20818218
https://www.immoweb.be/en/classified/villa/for-sale/pellenberg/3212/20818664
https://www.immoweb.be/en/classified/apartment/for-sale/kortrijk/8500/20805099
https://www.immoweb.be/en/classified/apartment/for-sale/diepenbeek/3590/20810649
https://www.immoweb.be/en/classified/apartment/for-sale/lier/2500/20809306
https://www.immoweb.be/en/classified/apartment/for-sale/anderlecht/1070/20812106
https://www.immoweb.be/en/classified/apartment/for-sale/mol/2400/20809327
https://www.immoweb.be/en/classified/apartment/for-sale/beveren-waas/9120/20812166
https://www.immoweb.be/en/classified/penthouse/for-sale/woluwe-saint-lambert/1200/20809037
https://www.immoweb.be/en/classified/house/for-sale/seraing/4100/20813456
https://www.immoweb.be/en/classified/house/for-sale/gembloux/5030/20810372
https://www.immoweb.be/en/classified/house/for-sale/lier/2500/20812682
https://www.immoweb.be/en/classified/house/for-sale/mont-de-lenclus/7750/20812413
https://www.immoweb.be/en/classified/house/for-sale/lier/2500/20812676
https://www.immoweb.be/en/classified/house/for-sale/mechelen/2800/20812549
https://www.immoweb.be/en/classified/house/for-sale/hasselt/3500/20818177
https://www.immoweb.be/en/classified/apartment/for-sale/aalst/9300/20818192
https://www.immoweb.be/en/classified/house/for-sale/gent/9000/20818176
https://www.immoweb.be/en/classified/apartment/for-sale/heist-aan-zee/8301/20818175
https://www.immoweb.be/en/classified/house/for-sale/stabroek/2940/20818173
https://www.immoweb.be/en/classified/apartment/for-sale/sint-truiden/3800/20818172
https://www.immoweb.be/en/classified/house/for-sale/destelbergen/9070/20818169
https://www.immoweb.be/en/classified/house/for-sale/opglabbeek/3660/20818168
https://www.immoweb.be/en/classified/apartment/for-sale/sint-truiden/3800/20818167
https://www.immoweb.be/en/classified/apartment/for-sale/sint-kruis/8310/20818166
https://www.immoweb.be/en/classified/house/for-sale/belsele/9111/20818182
https://www.immoweb.be/en/classified/new-real-estate-project-houses/for-sale/merelbeke/9820/20818165
https://www.immoweb.be/en/classified/house/for-sale/mechelen/2800/20818164
https://www.immoweb.be/en/classified/house/for-sale/zwijnaarde/9052/20818178
https://www.immoweb.be/en/classified/house/for-sale/izegem/8870/20818162
https://www.immoweb.be/en/classified/apartment/for-sale/knokke-zoute/8300/20818161
https://www.immoweb.be/en/classified/house/for-sale/menen/8930/20818160
https://www.immoweb.be/en/classified/house/for-sale/oupeye/4681/20818156
https://www.immoweb.be/en/classified/mixed-use-building/for-sale/roeselare/8800/20818155
https://www.immoweb.be/en/classified/house/for-sale/sint-eloois-vijve/8793/20818152
https://www.immoweb.be/en/classified/villa/for-sale/wervik/8940/20818150
https://www.immoweb.be/en/classified/house/for-sale/gentbrugge/9050/20818149
https://www.immoweb.be/en/classified/apartment/for-sale/destelbergen/9070/20818144
https://www.immoweb.be/en/classified/apartment/for-sale/liedekerke/1770/20744114
https://www.immoweb.be/en/classified/apartment/for-sale/knokke-heist/8300/20818142
https://www.immoweb.be/en/classified/house/for-sale/woluwe-saint-lambert/1200/20818141
https://www.immoweb.be/en/classified/penthouse/for-sale/evere/1140/20818138
https://www.immoweb.be/en/classified/house/for-sale/assebroek/8310/20818137
https://www.immoweb.be/en/classified/duplex/for-sale/uccle/1180/20818136
https://www.immoweb.be/en/classified/apartment/for-sale/uccle/1180/20818147
https://www.immoweb.be/en/classified/new-real-estate-project-houses/for-sale/bavikhove/8531/20424923
https://www.immoweb.be/en/classified/new-real-estate-project-apartments/for-sale/nijlen/2560/20588186
https://www.immoweb.be/en/classified/new-real-estate-project-apartments/for-sale/schelle/2627/20544481
https://www.immoweb.be/en/classified/new-real-estate-project-houses/for-sale/dendermonde/9200/20689847
https://www.immoweb.be/en/classified/new-real-estate-project-apartments/for-sale/berchem-sainte-agathe/1082/20674948
https://www.immoweb.be/en/classified/new-real-estate-project-apartments/for-sale/auderghem/1160/20607042
https://www.immoweb.be/en/classified/new-real-estate-project-apartments/for-sale/auderghem/1160/20294311
https://www.immoweb.be/en/classified/new-real-estate-project-apartments/for-sale/leuven/3000/20678710
https://www.immoweb.be/en/classified/new-real-estate-project-houses/for-sale/averbode/3271/20592398
https://www.immoweb.be/en/classified/new-real-estate-project-houses/for-sale/adinkerke/8660/10715117
https://www.immoweb.be/en/classified/new-real-estate-project-apartments/for-sale/tielt/8700/20437102
https://www.immoweb.be/en/classified/new-real-estate-project-apartments/for-sale/ieper/8900/20565559
https://www.immoweb.be/en/classified/new-real-estate-project-houses/for-sale/turnhout/2300/20626957
https://www.immoweb.be/en/classified/new-real-estate-project-apartments/for-sale/heist-op-den-berg/2220/20400739
https://www.immoweb.be/en/classified/new-real-estate-project-apartments/for-sale/wetteren/9230/20718953
https://www.immoweb.be/en/classified/new-real-estate-project-apartments/for-sale/erpe-mere/9420/11034839
https://www.immoweb.be/en/classified/new-real-estate-project-houses/for-sale/roeselare/8800/20592949
https://www.immoweb.be/en/classified/new-real-estate-project-apartments/for-sale/gent/9000/11196788
https://www.immoweb.be/en/classified/new-real-estate-project-apartments/for-sale/mechelen/2800/20732512
https://www.immoweb.be/en/classified/new-real-estate-project-apartments/for-sale/bruxelles/1000/20721263
https://www.immoweb.be/en/classified/new-real-estate-project-houses/for-sale/meulebeke/8760/20730513
https://www.immoweb.be/en/classified/new-real-estate-project-houses/for-sale/meulebeke/8760/20730444
https://www.immoweb.be/en/classified/new-real-estate-project-houses/for-sale/meulebeke/8760/20729684
https://www.immoweb.be/en/classified/new-real-estate-project-houses/for-sale/roeselare/8800/20278482
https://www.immoweb.be/en/classified/new-real-estate-project-houses/for-sale/meulebeke/8760/20656993
https://www.immoweb.be/en/classified/new-real-estate-project-apartments/for-sale/ixelles/1050/20466158
https://www.immoweb.be/en/classified/new-real-estate-project-apartments/for-sale/wenduine/8420/20389305
https://www.immoweb.be/en/classified/new-real-estate-project-houses/for-sale/roeselare/8800/20730480
https://www.immoweb.be/en/classified/new-real-estate-project-houses/for-sale/saint-leger-7730/7730/20575668
https://www.immoweb.be/en/classified/new-real-estate-project-apartments/for-sale/mechelen/2800/20207028
https://www.immoweb.be/en/classified/new-real-estate-project-houses/for-sale/maria-aalter/9880/20806964
https://www.immoweb.be/en/classified/house/for-sale/zottegem/9620/20787995
https://www.immoweb.be/en/classified/apartment/for-sale/bruxelles-bruxelles/1000/20806961
https://www.immoweb.be/en/classified/apartment/for-sale/bruxelles/1000/20806960
https://www.immoweb.be/en/classified/apartment/for-sale/jabbeke/8490/20806959
https://www.immoweb.be/en/classified/house/for-sale/turnhout/2300/20806955
https://www.immoweb.be/en/classified/apartment/for-sale/fleurus/6220/20806947
https://www.immoweb.be/en/classified/house/for-sale/brasschaat/2930/20806946
https://www.immoweb.be/en/classified/apartment-block/for-sale/leuven/3000/20806945
https://www.immoweb.be/en/classified/house/for-sale/willebroek/2830/20806942
https://www.immoweb.be/en/classified/apartment/for-sale/etterbeek/1040/20806939
https://www.immoweb.be/en/classified/apartment/for-sale/ixelles/1050/20806937
https://www.immoweb.be/en/classified/new-real-estate-project-apartments/for-sale/anderlues/6150/20806930
https://www.immoweb.be/en/classified/apartment/for-sale/anderlecht/1070/20806928
https://www.immoweb.be/en/classified/apartment-block/for-sale/koksijde/8670/20806923
https://www.immoweb.be/en/classified/house/for-sale/herseaux/7712/20806916
https://www.immoweb.be/en/classified/apartment/for-sale/uccle/1180/20806915
https://www.immoweb.be/en/classified/house/for-sale/brugge/8200/20806908
https://www.immoweb.be/en/classified/villa/for-sale/berlare/9290/20806902
https://www.immoweb.be/en/classified/house/for-sale/herentals-herentals/2200/20806900
https://www.immoweb.be/en/classified/apartment-block/for-sale/zemst-zemst/1980/20806899
https://www.immoweb.be/en/classified/apartment-block/for-sale/strombeek-bever/1853/20806896
https://www.immoweb.be/en/classified/apartment/for-sale/etterbeek/1040/20806891
https://www.immoweb.be/en/classified/apartment-block/for-sale/etterbeek/1040/20806893
https://www.immoweb.be/en/classified/apartment/for-sale/bruxelles/1000/20806890
https://www.immoweb.be/en/classified/house/for-sale/bonheiden/2820/20806889
https://www.immoweb.be/en/classified/apartment-block/for-sale/saint-josse-ten-noode/1210/20806888
https://www.immoweb.be/en/classified/house/for-sale/bruxelles/1000/20806887
https://www.immoweb.be/en/classified/house/for-sale/courcelles/6183/20806886
https://www.immoweb.be/en/classified/villa/for-sale/braine-lalleud/1420/20806866
https://www.immoweb.be/en/classified/apartment/for-sale/de-haan/8420/20793881
https://www.immoweb.be/en/classified/apartment/for-sale/seraing/4100/20814316
https://www.immoweb.be/en/classified/apartment/for-sale/bruxelles/1000/20812904
https://www.immoweb.be/en/classified/house/for-sale/zottegem/9620/20799602
https://www.immoweb.be/en/classified/house/for-sale/zottegem/9620/20799603
https://www.immoweb.be/en/classified/house/for-sale/zottegem/9620/20799605
https://www.immoweb.be/en/classified/house/for-sale/zottegem/9620/20799604
https://www.immoweb.be/en/classified/mixed-use-building/for-sale/engis/4480/20801207
https://www.immoweb.be/en/classified/house/for-sale/engis/4480/20801204
https://www.immoweb.be/en/classified/house/for-sale/essen/2910/20800015
https://www.immoweb.be/en/classified/house/for-sale/duffel/2570/20800784
https://www.immoweb.be/en/classified/mixed-use-building/for-sale/boom/2850/20800768
https://www.immoweb.be/en/classified/house/for-sale/mechelen/2811/20800173
https://www.immoweb.be/en/classified/house/for-sale/jalhay/4845/20800416
https://www.immoweb.be/en/classified/house/for-sale/duffel/2570/20800795
https://www.immoweb.be/en/classified/house/for-sale/duffel/2570/20800774
https://www.immoweb.be/en/classified/house/for-sale/woluwe-saint-lambert/1200/20777637
https://www.immoweb.be/en/classified/apartment/for-sale/orp-jauche/1350/20803943
https://www.immoweb.be/en/classified/apartment/for-sale/antwerpen/2170/20800869
https://www.immoweb.be/en/classified/house/for-sale/avelgem/8580/20815310
https://www.immoweb.be/en/classified/town-house/for-sale/edegem/2650/20816592
https://www.immoweb.be/en/classified/house/for-sale/sint-martens-latem/9830/20815272
https://www.immoweb.be/en/classified/house/for-sale/deerlijk/8540/20795051
https://www.immoweb.be/en/classified/house/for-sale/jambes/5100/20793601
https://www.immoweb.be/en/classified/house/for-sale/mechelen/2800/20796144
https://www.immoweb.be/en/classified/town-house/for-sale/kapellen/2950/20796827
https://www.immoweb.be/en/classified/house/for-sale/sint-amands/2890/20796227
https://www.immoweb.be/en/classified/house/for-sale/oostende/8400/20792625
https://www.immoweb.be/en/classified/house/for-sale/deinze/9800/20796299
https://www.immoweb.be/en/classified/house/for-sale/grimbergen/1850/20796477
https://www.immoweb.be/en/classified/ground-floor/for-sale/uccle/1180/20814882
https://www.immoweb.be/en/classified/house/for-sale/begijnendijk/3130/20814891
https://www.immoweb.be/en/classified/apartment/for-sale/leuven/3000/20814881
https://www.immoweb.be/en/classified/house/for-sale/ciney/5590/20814879
https://www.immoweb.be/en/classified/house/for-sale/geraardsbergen/9500/20814878
https://www.immoweb.be/en/classified/apartment-block/for-sale/leuven/3000/20814871
https://www.immoweb.be/en/classified/house/for-sale/charleroi-ransart/6043/20814870
https://www.immoweb.be/en/classified/house/for-sale/dendermonde/9200/20814868
https://www.immoweb.be/en/classified/house/for-sale/dendermonde/9200/20814869
https://www.immoweb.be/en/classified/apartment/for-sale/lint/2547/20814867
https://www.immoweb.be/en/classified/house/for-sale/dendermonde/9200/20814866
https://www.immoweb.be/en/classified/house/for-sale/antwerpen/2000/20770660
https://www.immoweb.be/en/classified/house/for-sale/roux/6044/20814863
https://www.immoweb.be/en/classified/house/for-sale/ecaussinnes/7190/20814861
https://www.immoweb.be/en/classified/apartment/for-sale/deurne/2100/20804022
https://www.immoweb.be/en/classified/house/for-sale/gent-sint-amandsberg/9040/20814856
https://www.immoweb.be/en/classified/house/for-sale/sint-lievens-houtem/9520/20814860
https://www.immoweb.be/en/classified/house/for-sale/sint-lievens-houtem/9520/20814855
https://www.immoweb.be/en/classified/house/for-sale/sint-lievens-houtem/9520/20814857
https://www.immoweb.be/en/classified/house/for-sale/sint-lievens-houtem/9520/20814853
https://www.immoweb.be/en/classified/house/for-sale/sint-lievens-houtem/9520/20814854
https://www.immoweb.be/en/classified/apartment/for-sale/knokke-heist/8300/20814852
https://www.immoweb.be/en/classified/apartment/for-sale/lokeren/9160/20814851
https://www.immoweb.be/en/classified/apartment/for-sale/liege/4000/20814850
https://www.immoweb.be/en/classified/apartment/for-sale/knokke/8300/20814845
https://www.immoweb.be/en/classified/new-real-estate-project-apartments/for-sale/brussels/1000/20814835
https://www.immoweb.be/en/classified/house/for-sale/ophain-bois-seigneur-isaac/1420/20814832
https://www.immoweb.be/en/classified/duplex/for-sale/schaarbeek/1030/20814831
https://www.immoweb.be/en/classified/duplex/for-sale/schaarbeek/1030/20814829
https://www.immoweb.be/en/classified/house/for-sale/mechelen/2800/20814826
https://www.immoweb.be/en/classified/penthouse/for-sale/gent/9000/20816798
https://www.immoweb.be/en/classified/house/for-sale/westmeerbeek/2235/20804274
https://www.immoweb.be/en/classified/house/for-sale/hulshout/2235/20803728
https://www.immoweb.be/en/classified/apartment/for-sale/montegnee/4420/20779531
https://www.immoweb.be/en/classified/apartment/for-sale/zellik/1731/20645094
https://www.immoweb.be/en/classified/ground-floor/for-sale/mortsel/2640/20778212
https://www.immoweb.be/en/classified/house/for-sale/oudenaarde/9700/20803409
https://www.immoweb.be/en/classified/house/for-sale/wuustwezel/2990/20803046
https://www.immoweb.be/en/classified/house/for-sale/oud-turnhout/2360/20803114
https://www.immoweb.be/en/classified/house/for-sale/oupeye/4680/20682787
https://www.immoweb.be/en/classified/house/for-sale/ekeren/2180/20803329
https://www.immoweb.be/en/classified/villa/for-sale/schoten/2900/20803325
https://www.immoweb.be/en/classified/house/for-sale/zelzate/9060/20802412
https://www.immoweb.be/en/classified/house/for-sale/retie/2470/20803083
https://www.immoweb.be/en/classified/house/for-sale/pelt/3910/20804275
https://www.immoweb.be/en/classified/house/for-sale/moerzeke/9220/20804058
https://www.immoweb.be/en/classified/villa/for-sale/beersel/1650/20801020
https://www.immoweb.be/en/classified/villa/for-sale/beersel/1652/20801021
https://www.immoweb.be/en/classified/exceptional-property/for-sale/antwerpen-2000/2000/20800814
https://www.immoweb.be/en/classified/apartment-block/for-sale/saint-gilles/1060/20800986
https://www.immoweb.be/en/classified/villa/for-sale/waterloo/1410/20784172
https://www.immoweb.be/en/classified/apartment/for-sale/westende/8434/20785347
https://www.immoweb.be/en/classified/apartment/for-sale/mortsel/2640/20791131
https://www.immoweb.be/en/classified/apartment/for-sale/oostkamp/8020/20790323
https://www.immoweb.be/en/classified/apartment/for-sale/brugge/8000/20790321
https://www.immoweb.be/en/classified/apartment/for-sale/zwijndrecht/2070/20785982
https://www.immoweb.be/en/classified/apartment/for-sale/geel/2440/20811285
https://www.immoweb.be/en/classified/apartment/for-sale/geel/2440/20811283
https://www.immoweb.be/en/classified/apartment/for-sale/geel/2440/20811276
https://www.immoweb.be/en/classified/apartment/for-sale/geel/2440/20811281
https://www.immoweb.be/en/classified/flat-studio/for-sale/antwerpen/2018/20813556
https://www.immoweb.be/en/classified/house/for-sale/scherpenheuvel-zichem/3272/20685471
https://www.immoweb.be/en/classified/apartment/for-sale/sint-niklaas/9100/20813553
https://www.immoweb.be/en/classified/penthouse/for-sale/sint-niklaas/9100/20813552
https://www.immoweb.be/en/classified/apartment/for-sale/gent/9000/20813548
https://www.immoweb.be/en/classified/house/for-sale/izegem/8870/20813547
https://www.immoweb.be/en/classified/apartment/for-sale/bruxelles/1000/20813545
https://www.immoweb.be/en/classified/country-cottage/for-sale/oudenaarde-mullem/9700/20813544
https://www.immoweb.be/en/classified/house/for-sale/huy/4500/20813543
https://www.immoweb.be/en/classified/ground-floor/for-sale/turnhout/2300/20813541
https://www.immoweb.be/en/classified/house/for-sale/mechelen/2800/20813540
https://www.immoweb.be/en/classified/house/for-sale/maasmechelen/3630/20813537
https://www.immoweb.be/en/classified/house/for-sale/liege/4020/20813536
https://www.immoweb.be/en/classified/apartment/for-sale/neupre/4121/20813535
https://www.immoweb.be/en/classified/ground-floor/for-sale/marcinelle/6001/20813534
https://www.immoweb.be/en/classified/apartment/for-sale/beveren-kruibeke-zwijndrecht/9120/20813533
https://www.immoweb.be/en/classified/house/for-sale/kuurne/8520/20813532
https://www.immoweb.be/en/classified/apartment/for-sale/beerse/2340/20813526
https://www.immoweb.be/en/classified/new-real-estate-project-houses/for-sale/dessel/2480/20813525
https://www.immoweb.be/en/classified/house/for-sale/turnhout/2300/20813524
https://www.immoweb.be/en/classified/house/for-sale/grimbergen/1850/20813523
https://www.immoweb.be/en/classified/house/for-sale/gent/9000/20813521
https://www.immoweb.be/en/classified/apartment/for-sale/ninove/9400/20813520
https://www.immoweb.be/en/classified/apartment/for-sale/roeselare/8800/20813516
https://www.immoweb.be/en/classified/mixed-use-building/for-sale/faimes/4317/20813515
https://www.immoweb.be/en/classified/house/for-sale/oreye/4360/20813514
https://www.immoweb.be/en/classified/apartment/for-sale/berlaar/2590/20813513
https://www.immoweb.be/en/classified/house/for-sale/kortemark/8610/20813510
https://www.immoweb.be/en/classified/apartment/for-sale/knokke-heist/8300/20813509
https://www.immoweb.be/en/classified/apartment/for-sale/knokke/8300/20813508
https://www.immoweb.be/en/classified/house/for-sale/oostende/8400/20803974
https://www.immoweb.be/en/classified/house/for-sale/meix-devant-virton/6769/20805464
https://www.immoweb.be/en/classified/villa/for-sale/brugge/8380/20803014
https://www.immoweb.be/en/classified/house/for-sale/grimbergen/1850/20783998
https://www.immoweb.be/en/classified/house/for-sale/leuven/3000/20786563
https://www.immoweb.be/en/classified/house/for-sale/grace-berleur/4460/20787047
https://www.immoweb.be/en/classified/house/for-sale/chastre/1450/20779096
https://www.immoweb.be/en/classified/house/for-sale/jette/1090/20785315
https://www.immoweb.be/en/classified/villa/for-sale/sint-genesius-rode/1640/20786541
https://www.immoweb.be/en/classified/apartment/for-sale/forest/1190/20797811
https://www.immoweb.be/en/classified/apartment/for-sale/gent/9000/20795099
https://www.immoweb.be/en/classified/ground-floor/for-sale/woluwe-saint-pierre/1150/20796049
https://www.immoweb.be/en/classified/ground-floor/for-sale/woluwe-saint-lambert/1200/20794168
https://www.immoweb.be/en/classified/house/for-sale/herstal/4040/20747760
https://www.immoweb.be/en/classified/apartment/for-sale/braine-lalleud/1420/20816422
https://www.immoweb.be/en/classified/apartment/for-sale/braine-lalleud/1420/20816435
https://www.immoweb.be/en/classified/apartment/for-sale/ans/4430/20813847
https://www.immoweb.be/en/classified/apartment/for-sale/liege/4020/20810199
https://www.immoweb.be/en/classified/duplex/for-sale/andenne-andenne/5300/20812667
https://www.immoweb.be/en/classified/apartment/for-sale/anderlecht/1070/20809720
https://www.immoweb.be/en/classified/duplex/for-sale/forest/1190/20813722
https://www.immoweb.be/en/classified/apartment/for-sale/ixelles/1050/20813618
https://www.immoweb.be/en/classified/apartment/for-sale/uccle/1180/20813085
https://www.immoweb.be/en/classified/apartment/for-sale/deurne/2100/20758465
https://www.immoweb.be/en/classified/apartment/for-sale/turnhout/2300/20759998
https://www.immoweb.be/en/classified/apartment/for-sale/deurne/2100/20758434
https://www.immoweb.be/en/classified/house/for-sale/aarsele/8700/20818355
https://www.immoweb.be/en/classified/house/for-sale/gent/9000/20818176
https://www.immoweb.be/en/classified/house/for-sale/wetteren-ten-ede/9230/20818485
https://www.immoweb.be/en/classified/house/for-sale/seneffe/7180/20817436
https://www.immoweb.be/en/classified/loft/for-sale/bruxelles/1000/20812098
https://www.immoweb.be/en/classified/apartment/for-sale/evere/1140/20812095
https://www.immoweb.be/en/classified/house/for-sale/zwevegem/8550/20812094
https://www.immoweb.be/en/classified/apartment/for-sale/forest/1190/20812092
https://www.immoweb.be/en/classified/apartment/for-sale/forest/1190/20812091
https://www.immoweb.be/en/classified/penthouse/for-sale/rixensart/1330/20812090
https://www.immoweb.be/en/classified/apartment/for-sale/forest/1190/20812089
https://www.immoweb.be/en/classified/apartment/for-sale/forest/1190/20812088
https://www.immoweb.be/en/classified/apartment/for-sale/brasschaat/2930/20812087
https://www.immoweb.be/en/classified/house/for-sale/diest/3290/20812086
https://www.immoweb.be/en/classified/villa/for-sale/ciney/5590/20812085
https://www.immoweb.be/en/classified/apartment/for-sale/edegem/2650/20741542
https://www.immoweb.be/en/classified/apartment/for-sale/sint-truiden/3800/20812079
https://www.immoweb.be/en/classified/house/for-sale/sint-truiden/3800/20812078
https://www.immoweb.be/en/classified/apartment/for-sale/borgerhout/2140/20812077
https://www.immoweb.be/en/classified/house/for-sale/esneux-esneux/4130/20812076
https://www.immoweb.be/en/classified/house/for-sale/comines/7780/20812073
https://www.immoweb.be/en/classified/house/for-sale/heist-aan-zee/8301/20812072
https://www.immoweb.be/en/classified/house/for-sale/sint-gillis-waas/9170/20812070
https://www.immoweb.be/en/classified/apartment/for-sale/antwerpen/2060/20812068
https://www.immoweb.be/en/classified/apartment/for-sale/antwerpen/2060/20812067
https://www.immoweb.be/en/classified/apartment/for-sale/antwerpen/2060/20812066
https://www.immoweb.be/en/classified/apartment/for-sale/antwerpen/2060/20812065
https://www.immoweb.be/en/classified/apartment/for-sale/lint/2547/20812063
https://www.immoweb.be/en/classified/house/for-sale/wuustwezel/2990/20812061
https://www.immoweb.be/en/classified/house/for-sale/ottignies-louvain-la-neuve/1340/20812060
https://www.immoweb.be/en/classified/house/for-sale/turnhout/2300/20812058
https://www.immoweb.be/en/classified/house/for-sale/duffel/2570/20812046
https://www.immoweb.be/en/classified/apartment/for-sale/nieuwpoort/8620/20812045
https://www.immoweb.be/en/classified/house/for-sale/erps-kwerps/3071/20812044
https://www.immoweb.be/en/classified/apartment/for-sale/oostende/8400/20817606
https://www.immoweb.be/en/classified/apartment/for-sale/bredene/8450/20811525
https://www.immoweb.be/en/classified/apartment/for-sale/laeken/1020/20810091
https://www.immoweb.be/en/classified/apartment/for-sale/hoboken/2660/20808076
https://www.immoweb.be/en/classified/apartment/for-sale/berchem/2600/20810351
https://www.immoweb.be/en/classified/mixed-use-building/for-sale/flemalle/4400/20818229
https://www.immoweb.be/en/classified/house/for-sale/wetteren/9230/20818623
https://www.immoweb.be/en/classified/house/for-sale/stekene/9190/20817783
https://www.immoweb.be/en/classified/house/for-sale/soumagne/4630/20818050
https://www.immoweb.be/en/classified/house/for-sale/aarschot/3200/20818014
https://www.immoweb.be/en/classified/apartment/for-sale/uccle/1180/20799167
https://www.immoweb.be/en/classified/penthouse/for-sale/uccle/1180/20816896
https://www.immoweb.be/en/classified/house/for-sale/aartrijke/8211/20814656
https://www.immoweb.be/en/classified/house/for-sale/gentbrugge/9050/20809744
https://www.immoweb.be/en/classified/apartment/for-sale/oostende/8400/20812582
https://www.immoweb.be/en/classified/apartment/for-sale/arlon/6700/20815723
https://www.immoweb.be/en/classified/apartment/for-sale/etterbeek/1040/20814485
https://www.immoweb.be/en/classified/new-real-estate-project-apartments/for-sale/forest/1190/20806458
https://www.immoweb.be/en/classified/new-real-estate-project-apartments/for-sale/forest/1190/20806434
https://www.immoweb.be/en/classified/new-real-estate-project-apartments/for-sale/jette/1090/20804587
https://www.immoweb.be/en/classified/new-real-estate-project-apartments/for-sale/diest/3290/20806764
https://www.immoweb.be/en/classified/new-real-estate-project-apartments/for-sale/vorst/2430/20804897
https://www.immoweb.be/en/classified/new-real-estate-project-apartments/for-sale/lier/2500/20807143
https://www.immoweb.be/en/classified/new-real-estate-project-apartments/for-sale/wavre/1300/20806381
https://www.immoweb.be/en/classified/new-real-estate-project-apartments/for-sale/brussels/1000/20805579
https://www.immoweb.be/en/classified/new-real-estate-project-houses/for-sale/westerlo/2260/20806662
https://www.immoweb.be/en/classified/new-real-estate-project-houses/for-sale/zoerle-parwijs/2260/20806660
https://www.immoweb.be/en/classified/new-real-estate-project-houses/for-sale/arlon/6700/20801308
https://www.immoweb.be/en/classified/new-real-estate-project-apartments/for-sale/westerlo/2260/20806658
https://www.immoweb.be/en/classified/apartment/for-sale/turnhout/2300/20803088
https://www.immoweb.be/en/classified/apartment/for-sale/uccle/1180/20818462
https://www.immoweb.be/en/classified/apartment/for-sale/forest/1190/20818463
https://www.immoweb.be/en/classified/villa/for-sale/grez-doiceau/1390/20818460
https://www.immoweb.be/en/classified/villa/for-sale/wilrijk/2610/20818459
https://www.immoweb.be/en/classified/apartment/for-sale/ixelles/1050/20818455
https://www.immoweb.be/en/classified/apartment/for-sale/saint-gilles/1060/20818454
https://www.immoweb.be/en/classified/apartment/for-sale/antwerpen-merksem/2170/20818452
https://www.immoweb.be/en/classified/villa/for-sale/kalmthout/2920/20818451
https://www.immoweb.be/en/classified/flat-studio/for-sale/bruxelles/1000/20818450
https://www.immoweb.be/en/classified/house/for-sale/gistel/8470/20813033
https://www.immoweb.be/en/classified/new-real-estate-project-apartments/for-sale/boncelles/4100/20703680
https://www.immoweb.be/en/classified/house/for-sale/hemptinne/5620/20818444
https://www.immoweb.be/en/classified/house/for-sale/chapon-seraing/4537/20813031
https://www.immoweb.be/en/classified/house/for-sale/tubize/1480/20818442
https://www.immoweb.be/en/classified/apartment/for-sale/gent/9000/20675745
https://www.immoweb.be/en/classified/apartment/for-sale/de-panne/8660/20818436
https://www.immoweb.be/en/classified/apartment/for-sale/mol/2400/20817294
https://www.immoweb.be/en/classified/apartment/for-sale/wilrijk/2610/20818431
https://www.immoweb.be/en/classified/apartment/for-sale/uccle/1180/20818430
https://www.immoweb.be/en/classified/apartment-block/for-sale/woluwe-saint-pierre/1150/20818429
https://www.immoweb.be/en/classified/house/for-sale/ingelmunster/8770/20811843
https://www.immoweb.be/en/classified/house/for-sale/grivegnee/4030/20730235
https://www.immoweb.be/en/classified/apartment/for-sale/charleroi/6000/20818427
https://www.immoweb.be/en/classified/house/for-sale/herstal/4040/20818426
https://www.immoweb.be/en/classified/house/for-sale/denderleeuw/9470/20818425
https://www.immoweb.be/en/classified/house/for-sale/sint-jans-molenbeek/1080/20818424
https://www.immoweb.be/en/classified/house/for-sale/denderleeuw/9470/20818423
https://www.immoweb.be/en/classified/apartment/for-sale/destelbergen/9070/20818422
https://www.immoweb.be/en/classified/villa/for-sale/woluwe-saint-pierre/1150/20795115
https://www.immoweb.be/en/classified/house/for-sale/saint-remy-geest/1370/20818421
https://www.immoweb.be/en/classified/house/for-sale/aalst/9300/20818005
https://www.immoweb.be/en/classified/apartment/for-sale/evere/1140/20803739
https://www.immoweb.be/en/classified/penthouse/for-sale/schriek/2223/20804719
https://www.immoweb.be/en/classified/apartment/for-sale/berchem/2600/20756925
https://www.immoweb.be/en/classified/apartment/for-sale/berchem/2600/20756990
https://www.immoweb.be/en/classified/apartment/for-sale/antwerpen/2020/20774344
https://www.immoweb.be/en/classified/apartment/for-sale/puurs-sint-amands/2870/20774784
https://www.immoweb.be/en/classified/apartment/for-sale/borgerhout/2140/20776954
https://www.immoweb.be/en/classified/apartment/for-sale/borgerhout/2140/20776950
https://www.immoweb.be/en/classified/house/for-sale/mechelen/2800/20800793
https://www.immoweb.be/en/classified/house/for-sale/willebroek/2830/20800786
https://www.immoweb.be/en/classified/villa/for-sale/braine-le-chateau/1440/20801257
https://www.immoweb.be/en/classified/house/for-sale/mechelen/2800/20800781
https://www.immoweb.be/en/classified/house/for-sale/grivegnee/4030/20705910
https://www.immoweb.be/en/classified/house/for-sale/malmedy/4960/20680829
https://www.immoweb.be/en/classified/house/for-sale/ougree/4102/20668555
https://www.immoweb.be/en/classified/house/for-sale/seraing/4100/20727439
https://www.immoweb.be/en/classified/house/for-sale/liege/4000/20765588
https://www.immoweb.be/en/classified/house/for-sale/gedinne-louette-saint-denis/5575/20611011
https://www.immoweb.be/en/classified/house/for-sale/beyne-heusay/4610/20734623
https://www.immoweb.be/en/classified/house/for-sale/bouillon/6833/20708167
https://www.immoweb.be/en/classified/apartment-block/for-sale/liege/4000/20769709
https://www.immoweb.be/en/classified/house/for-sale/engis/4480/20662443
https://www.immoweb.be/en/classified/house/for-sale/seraing/4100/20657091
https://www.immoweb.be/en/classified/apartment-block/for-sale/seraing/4100/20736622
https://www.immoweb.be/en/classified/house/for-sale/marche-en-famenne/6900/20450791
https://www.immoweb.be/en/classified/house/for-sale/wielsbeke/8710/20748673
https://www.immoweb.be/en/classified/apartment/for-sale/leuven/3001/20698031
https://www.immoweb.be/en/classified/apartment/for-sale/leuven/3001/20698044
https://www.immoweb.be/en/classified/apartment/for-sale/leuven/3001/20364958
https://www.immoweb.be/en/classified/house/for-sale/wasmes/7340/20811709
https://www.immoweb.be/en/classified/house/for-sale/geraardsbergen/9500/20811706
https://www.immoweb.be/en/classified/house/for-sale/zedelgem-loppem/8210/20811703
https://www.immoweb.be/en/classified/apartment/for-sale/knokke-heist/8300/20811701
https://www.immoweb.be/en/classified/apartment/for-sale/knokke-heist/8300/20811702
https://www.immoweb.be/en/classified/house/for-sale/dendermonde/9200/20811700
https://www.immoweb.be/en/classified/apartment-block/for-sale/dison/4820/20811699
https://www.immoweb.be/en/classified/apartment/for-sale/dendermonde/9200/20811695
https://www.immoweb.be/en/classified/house/for-sale/zele/9240/20688462
https://www.immoweb.be/en/classified/house/for-sale/ganshoren/1083/20811688
https://www.immoweb.be/en/classified/house/for-sale/aalst/9300/20811687
https://www.immoweb.be/en/classified/apartment/for-sale/bruxelles/1050/20811686
https://www.immoweb.be/en/classified/apartment/for-sale/uccle/1180/20811683
https://www.immoweb.be/en/classified/house/for-sale/berneau/4607/20811682
https://www.immoweb.be/en/classified/house/for-sale/uccle/1180/20811679
https://www.immoweb.be/en/classified/house/for-sale/aalst-erembodegem/9320/20811678
https://www.immoweb.be/en/classified/house/for-sale/maldegem/9990/20811676
https://www.immoweb.be/en/classified/duplex/for-sale/bruxelles/1000/20811674
https://www.immoweb.be/en/classified/exceptional-property/for-sale/bruxelles/1000/20811680
https://www.immoweb.be/en/classified/new-real-estate-project-apartments/for-sale/aalst/9300/20811669
https://www.immoweb.be/en/classified/house/for-sale/heldergem/9450/20811668
https://www.immoweb.be/en/classified/apartment/for-sale/knokke-heist/8300/20811667
https://www.immoweb.be/en/classified/house/for-sale/kraainem/1950/20811666
https://www.immoweb.be/en/classified/house/for-sale/chenee/4032/20811665
https://www.immoweb.be/en/classified/new-real-estate-project-apartments/for-sale/uccle/1180/20811651
https://www.immoweb.be/en/classified/new-real-estate-project-apartments/for-sale/woluwe-saint-lambert/1200/20811527
https://www.immoweb.be/en/classified/apartment/for-sale/bredene/8450/20811525
https://www.immoweb.be/en/classified/house/for-sale/mechelen/2800/20811524
https://www.immoweb.be/en/classified/new-real-estate-project-apartments/for-sale/ravels/2380/20811484
https://www.immoweb.be/en/classified/house/for-sale/ternat/1740/20811482
https://www.immoweb.be/en/classified/apartment/for-sale/neder-over-heembeek/1120/20798503
https://www.immoweb.be/en/classified/new-real-estate-project-apartments/for-sale/forest/1190/20753906
https://www.immoweb.be/en/classified/new-real-estate-project-apartments/for-sale/evere/1140/20719145
https://www.immoweb.be/en/classified/new-real-estate-project-apartments/for-sale/uccle/1180/20724084
https://www.immoweb.be/en/classified/new-real-estate-project-apartments/for-sale/zonhoven/3520/20747274
https://www.immoweb.be/en/classified/new-real-estate-project-houses/for-sale/wevelgem/8560/20753664
https://www.immoweb.be/en/classified/new-real-estate-project-houses/for-sale/wevelgem/8560/20753672
https://www.immoweb.be/en/classified/new-real-estate-project-apartments/for-sale/kortrijk/8500/20718714
https://www.immoweb.be/en/classified/new-real-estate-project-apartments/for-sale/mechelen/2800/20752253
https://www.immoweb.be/en/classified/new-real-estate-project-houses/for-sale/steenhuffel/1840/20747204
https://www.immoweb.be/en/classified/new-real-estate-project-houses/for-sale/wilrijk/2610/20752116
https://www.immoweb.be/en/classified/new-real-estate-project-apartments/for-sale/ixelles/1050/20751733
https://www.immoweb.be/en/classified/new-real-estate-project-houses/for-sale/forest/1190/20753904
https://www.immoweb.be/en/classified/apartment/for-sale/zaventem/1930/20816793
https://www.immoweb.be/en/classified/apartment/for-sale/uccle/1180/20809580
https://www.immoweb.be/en/classified/house/for-sale/zaventem/1932/20799994
https://www.immoweb.be/en/classified/exceptional-property/for-sale/brugge/8000/20800702
https://www.immoweb.be/en/classified/house/for-sale/oostende/8400/20799889
https://www.immoweb.be/en/classified/house/for-sale/seraing/4102/20750098
https://www.immoweb.be/en/classified/house/for-sale/liege/4000/20622330
https://www.immoweb.be/en/classified/house/for-sale/trooz/4870/20753660
https://www.immoweb.be/en/classified/house/for-sale/seraing/4100/20666978
https://www.immoweb.be/en/classified/house/for-sale/oostrozebeke/8780/20725388
https://www.immoweb.be/en/classified/house/for-sale/poperinge/8978/20728197
https://www.immoweb.be/en/classified/house/for-sale/seraing/4100/20662454
https://www.immoweb.be/en/classified/house/for-sale/anzegem/8570/20774315
https://www.immoweb.be/en/classified/house/for-sale/pipaix/7904/20738776
https://www.immoweb.be/en/classified/house/for-sale/haut-fays/6929/20780729
https://www.immoweb.be/en/classified/house/for-sale/ronse/9600/20778438
https://www.immoweb.be/en/classified/house/for-sale/seraing/4102/20769489
https://www.immoweb.be/en/classified/house/for-sale/beaumont/6500/20810088
https://www.immoweb.be/en/classified/apartment/for-sale/knokke-heist/8300/20810086
https://www.immoweb.be/en/classified/house/for-sale/sint-martens-latem/9830/20810084
https://www.immoweb.be/en/classified/house/for-sale/merelbeke-melle/9820/20810083
https://www.immoweb.be/en/classified/house/for-sale/colfontaine/7340/20810082
https://www.immoweb.be/en/classified/house/for-sale/frameries/7080/20810081
https://www.immoweb.be/en/classified/apartment-block/for-sale/antwerpen/2018/20810079
https://www.immoweb.be/en/classified/apartment/for-sale/ledeberg/9050/20810078
https://www.immoweb.be/en/classified/apartment/for-sale/jette/1090/20810077
https://www.immoweb.be/en/classified/apartment/for-sale/berchem/2600/20810073
https://www.immoweb.be/en/classified/apartment/for-sale/berchem/2600/20810075
https://www.immoweb.be/en/classified/new-real-estate-project-apartments/for-sale/berchem/2600/20810074
https://www.immoweb.be/en/classified/apartment/for-sale/berchem/2600/20810072
https://www.immoweb.be/en/classified/duplex/for-sale/ixelles/1050/20810070
https://www.immoweb.be/en/classified/house/for-sale/langemark-poelkapelle/8920/20810068
https://www.immoweb.be/en/classified/house/for-sale/houthulst/8650/20810067
https://www.immoweb.be/en/classified/house/for-sale/overijse/3090/20810064
https://www.immoweb.be/en/classified/apartment/for-sale/ixelles/1050/20810063
https://www.immoweb.be/en/classified/duplex/for-sale/deinze-astene/9800/20810061
https://www.immoweb.be/en/classified/house/for-sale/waregem/8793/20810060
https://www.immoweb.be/en/classified/penthouse/for-sale/gent/9000/20810059
https://www.immoweb.be/en/classified/apartment/for-sale/bruxelles/1000/20810055
https://www.immoweb.be/en/classified/house/for-sale/kortessem/3720/20810054
https://www.immoweb.be/en/classified/apartment/for-sale/ixelles/1050/20810053
https://www.immoweb.be/en/classified/house/for-sale/moorsele/8560/20810052
https://www.immoweb.be/en/classified/house/for-sale/pepinster/4860/20810051
https://www.immoweb.be/en/classified/house/for-sale/ninove/9400/20810050
https://www.immoweb.be/en/classified/house/for-sale/meerbeke/9402/20810049
https://www.immoweb.be/en/classified/house/for-sale/mechelen/2800/20810033
https://www.immoweb.be/en/classified/house/for-sale/tienen/3300/20810031
https://www.immoweb.be/en/classified/house/for-sale/amay/4540/20818402
https://www.immoweb.be/en/classified/house/for-sale/mont-de-lenclus/7750/20817455
https://www.immoweb.be/en/classified/house/for-sale/flemalle/4400/20818230
https://www.immoweb.be/en/classified/ground-floor/for-sale/jette/1090/20814209
https://www.immoweb.be/en/classified/house/for-sale/mechelen/2800/20814801
https://www.immoweb.be/en/classified/new-real-estate-project-apartments/for-sale/liedekerke/1770/20816416
https://www.immoweb.be/en/classified/new-real-estate-project-apartments/for-sale/brussels/1000/20814835
https://www.immoweb.be/en/classified/new-real-estate-project-apartments/for-sale/gent-sint-denijs-westrem/9051/20814178
https://www.immoweb.be/en/classified/new-real-estate-project-houses/for-sale/sint-lievens-houtem/9520/20814500
https://www.immoweb.be/en/classified/new-real-estate-project-houses/for-sale/aalst/9300/20816478
https://www.immoweb.be/en/classified/new-real-estate-project-houses/for-sale/deinze-astene/9800/20814166
https://www.immoweb.be/en/classified/apartment/for-sale/hoboken/2660/20814350
https://www.immoweb.be/en/classified/apartment/for-sale/deurne/2100/20804022
https://www.immoweb.be/en/classified/apartment/for-sale/mortsel/2640/20814040
https://www.immoweb.be/en/classified/apartment/for-sale/borgerhout/2140/20810217
https://www.immoweb.be/en/classified/apartment/for-sale/aartselaar/2630/20814311
https://www.immoweb.be/en/classified/apartment/for-sale/ixelles/1050/20815105
https://www.immoweb.be/en/classified/duplex/for-sale/edegem/2650/20814039
https://www.immoweb.be/en/classified/flat-studio/for-sale/schaarbeek/1030/20818410
https://www.immoweb.be/en/classified/apartment/for-sale/jodoigne/1370/20818306
https://www.immoweb.be/en/classified/flat-studio/for-sale/bruxelles/1000/20818450
https://www.immoweb.be/en/classified/house/for-sale/wemmel/1780/20805044
https://www.immoweb.be/en/classified/house/for-sale/liege/4020/20818500
https://www.immoweb.be/en/classified/house/for-sale/ivoz-ramet/4400/20818395
https://www.immoweb.be/en/classified/house/for-sale/habay-la-neuve/6720/20816886
https://www.immoweb.be/en/classified/apartment/for-sale/schaerbeek/1030/20812154
https://www.immoweb.be/en/classified/penthouse/for-sale/etterbeek/1040/20812014
https://www.immoweb.be/en/classified/apartment/for-sale/heist-op-den-berg/2220/20818604
https://www.immoweb.be/en/classified/apartment/for-sale/uccle/1180/20818462
https://www.immoweb.be/en/classified/apartment/for-sale/forest/1190/20818463
https://www.immoweb.be/en/classified/ground-floor/for-sale/saint-josse-ten-noode/1210/20818700
https://www.immoweb.be/en/classified/house/for-sale/braine-le-comte/7090/20818696
https://www.immoweb.be/en/classified/house/for-sale/zwijndrecht/2070/20818695
https://www.immoweb.be/en/classified/house/for-sale/wavre/1300/20818692
https://www.immoweb.be/en/classified/house/for-sale/aalst/9300/20818691
https://www.immoweb.be/en/classified/apartment/for-sale/seilles/5300/20818690
https://www.immoweb.be/en/classified/bungalow/for-sale/trooz/4870/20818686
https://www.immoweb.be/en/classified/apartment/for-sale/woluwe-saint-lambert/1200/20818685
https://www.immoweb.be/en/classified/apartment/for-sale/koekelberg/1081/20818680
https://www.immoweb.be/en/classified/loft/for-sale/koekelberg/1081/20818679
https://www.immoweb.be/en/classified/house/for-sale/erpe-mere/9420/20818677
https://www.immoweb.be/en/classified/apartment/for-sale/sint-niklaas/9100/20818676
https://www.immoweb.be/en/classified/bungalow/for-sale/wemmel/1780/20818675
https://www.immoweb.be/en/classified/apartment/for-sale/kapellen/2950/20818674
https://www.immoweb.be/en/classified/apartment/for-sale/antwerpen-merksem/2170/20818672
https://www.immoweb.be/en/classified/apartment/for-sale/elsene/1050/20818673
https://www.immoweb.be/en/classified/apartment/for-sale/arlon/6700/20818666
https://www.immoweb.be/en/classified/villa/for-sale/pellenberg/3212/20818664
https://www.immoweb.be/en/classified/house/for-sale/izegem/8870/20818663
https://www.immoweb.be/en/classified/apartment/for-sale/uccle/1180/20818662
https://www.immoweb.be/en/classified/house/for-sale/charleroi-gosselies/6041/20818658
https://www.immoweb.be/en/classified/apartment/for-sale/genk/3600/20818657
https://www.immoweb.be/en/classified/house/for-sale/houthalen/3530/20818656
https://www.immoweb.be/en/classified/house/for-sale/keerbergen/3140/20818655
https://www.immoweb.be/en/classified/exceptional-property/for-sale/asse/1730/20818654
https://www.immoweb.be/en/classified/house/for-sale/court-saint-etienne/1490/20818652
https://www.immoweb.be/en/classified/house/for-sale/seneffe/7180/20818650
https://www.immoweb.be/en/classified/house/for-sale/zeebrugge/8380/20818647
https://www.immoweb.be/en/classified/new-real-estate-project-apartments/for-sale/brugge/8200/20818641
https://www.immoweb.be/en/classified/apartment/for-sale/tournai/7500/20818640
https://www.immoweb.be/en/classified/new-real-estate-project-apartments/for-sale/huy/4500/20305329
https://www.immoweb.be/en/classified/new-real-estate-project-apartments/for-sale/evere/1140/20607054
https://www.immoweb.be/en/classified/new-real-estate-project-apartments/for-sale/waremme/4300/11450626
https://www.immoweb.be/en/classified/new-real-estate-project-apartments/for-sale/aalst-9300/9300/10981361
https://www.immoweb.be/en/classified/new-real-estate-project-apartments/for-sale/diksmuide/8600/20471738
https://www.immoweb.be/en/classified/new-real-estate-project-apartments/for-sale/boom/2850/10881561
https://www.immoweb.be/en/classified/new-real-estate-project-apartments/for-sale/pelt/3900/20305814
https://www.immoweb.be/en/classified/new-real-estate-project-apartments/for-sale/denderleeuw/9470/10820326
https://www.immoweb.be/en/classified/new-real-estate-project-apartments/for-sale/bruxelles/1000/20585537
https://www.immoweb.be/en/classified/new-real-estate-project-apartments/for-sale/ans/4430/20203660
https://www.immoweb.be/en/classified/new-real-estate-project-apartments/for-sale/deurne-2100/2100/20024437
https://www.immoweb.be/en/classified/new-real-estate-project-apartments/for-sale/boekhoute/9961/10588068
https://www.immoweb.be/en/classified/new-real-estate-project-apartments/for-sale/forest/1190/20678128
https://www.immoweb.be/en/classified/new-real-estate-project-apartments/for-sale/maaseik/3680/20574172
https://www.immoweb.be/en/classified/new-real-estate-project-apartments/for-sale/middelkerke/8430/20116817
https://www.immoweb.be/en/classified/new-real-estate-project-apartments/for-sale/nieuwpoort/8620/20541727
https://www.immoweb.be/en/classified/new-real-estate-project-apartments/for-sale/seneffe/7180/20378662
https://www.immoweb.be/en/classified/new-real-estate-project-apartments/for-sale/borsbeek/2150/11419585
https://www.immoweb.be/en/classified/new-real-estate-project-apartments/for-sale/diksmuide/8600/20486073
https://www.immoweb.be/en/classified/new-real-estate-project-apartments/for-sale/vaux-sur-sure/6640/11072139
https://www.immoweb.be/en/classified/new-real-estate-project-apartments/for-sale/tenneville/6970/20252887
https://www.immoweb.be/en/classified/apartment/for-sale/herzele/9550/20595441
https://www.immoweb.be/en/classified/new-real-estate-project-apartments/for-sale/roeselare/8800/20428569
https://www.immoweb.be/en/classified/new-real-estate-project-apartments/for-sale/roeselare/8800/20427593
https://www.immoweb.be/en/classified/new-real-estate-project-apartments/for-sale/thieu/7070/20272908
https://www.immoweb.be/en/classified/new-real-estate-project-apartments/for-sale/zwevezele/8750/10131928
https://www.immoweb.be/en/classified/new-real-estate-project-apartments/for-sale/deinze/9800/20316163
https://www.immoweb.be/en/classified/new-real-estate-project-apartments/for-sale/lede/9340/20338092
https://www.immoweb.be/en/classified/new-real-estate-project-apartments/for-sale/beveren-waas/9120/20361484
https://www.immoweb.be/en/classified/new-real-estate-project-apartments/for-sale/anderlecht/1070/11345847
https://www.immoweb.be/en/classified/house/for-sale/saint-gerard/5640/20807543
https://www.immoweb.be/en/classified/bungalow/for-sale/lonzee/5030/20807539
https://www.immoweb.be/en/classified/house/for-sale/gesves/5340/20807537
https://www.immoweb.be/en/classified/house/for-sale/dour/7370/20807536
https://www.immoweb.be/en/classified/house/for-sale/geel/2440/20807534
https://www.immoweb.be/en/classified/apartment/for-sale/geel/2440/20807532
https://www.immoweb.be/en/classified/house/for-sale/herselt/2230/20807530
https://www.immoweb.be/en/classified/house/for-sale/meerhout/2450/20807531
https://www.immoweb.be/en/classified/apartment/for-sale/geel/2440/20807528
https://www.immoweb.be/en/classified/house/for-sale/westerlo/2260/20807529
https://www.immoweb.be/en/classified/house/for-sale/meerhout/2450/20807526
https://www.immoweb.be/en/classified/house/for-sale/meerhout/2450/20807527
https://www.immoweb.be/en/classified/ground-floor/for-sale/meerhout/2450/20807525
https://www.immoweb.be/en/classified/bungalow/for-sale/eindhout/2430/20807523
https://www.immoweb.be/en/classified/apartment/for-sale/geel/2440/20807524
https://www.immoweb.be/en/classified/house/for-sale/herselt/2230/20807522
https://www.immoweb.be/en/classified/apartment/for-sale/geel/2440/20807520
https://www.immoweb.be/en/classified/house/for-sale/meerhout/2450/20807519
https://www.immoweb.be/en/classified/apartment/for-sale/geel/2440/20807521
https://www.immoweb.be/en/classified/apartment/for-sale/geel/2440/20807518
https://www.immoweb.be/en/classified/duplex/for-sale/brasschaat/2930/20807516
https://www.immoweb.be/en/classified/house/for-sale/brasschaat/2930/20807515
https://www.immoweb.be/en/classified/house/for-sale/sint-martens-latem/9830/20807514
https://www.immoweb.be/en/classified/house/for-sale/brasschaat/2930/20807510
https://www.immoweb.be/en/classified/ground-floor/for-sale/brasschaat/2930/20807509
https://www.immoweb.be/en/classified/house/for-sale/brasschaat/2930/20807503
https://www.immoweb.be/en/classified/house/for-sale/brasschaat/2930/20807505
https://www.immoweb.be/en/classified/apartment-block/for-sale/brasschaat/2930/20807504
https://www.immoweb.be/en/classified/house/for-sale/brasschaat/2930/20807502
https://www.immoweb.be/en/classified/house/for-sale/brasschaat/2930/20807507
https://www.immoweb.be/en/classified/apartment/for-sale/schaerbeek/1030/20776601
https://www.immoweb.be/en/classified/house/for-sale/messancy/6782/20812845
https://www.immoweb.be/en/classified/house/for-sale/meensel-kiezegem/3391/20589327
https://www.immoweb.be/en/classified/flat-studio/for-sale/middelkerke/8434/20799974
https://www.immoweb.be/en/classified/house/for-sale/zwevegem-moen/8552/20812650
https://www.immoweb.be/en/classified/house/for-sale/leuven/3000/20813892
https://www.immoweb.be/en/classified/house/for-sale/gent/9000/20813452
https://www.immoweb.be/en/classified/house/for-sale/lochristi/9080/20815325
https://www.immoweb.be/en/classified/villa/for-sale/wortegem-petegem/9790/20815300
https://www.immoweb.be/en/classified/villa/for-sale/overijse/3090/20814045
https://www.immoweb.be/en/classified/house/for-sale/emelgem/8870/20796298
https://www.immoweb.be/en/classified/house/for-sale/pussemange/5550/20795483
https://www.immoweb.be/en/classified/house/for-sale/reningelst/8970/20795713
https://www.immoweb.be/en/classified/house/for-sale/zwijndrecht/2070/20797969
https://www.immoweb.be/en/classified/house/for-sale/roeselare/8800/20794415
https://www.immoweb.be/en/classified/house/for-sale/ekeren/2180/20797970
https://www.immoweb.be/en/classified/house/for-sale/nieuwkapelle/8600/20794054
https://www.immoweb.be/en/classified/house/for-sale/ertvelde/9940/20793930
https://www.immoweb.be/en/classified/house/for-sale/frasnes-lez-gosselies/6210/20796017
https://www.immoweb.be/en/classified/house/for-sale/brasschaat/2930/20796993
https://www.immoweb.be/en/classified/house/for-sale/assebroek/8310/20791997
https://www.immoweb.be/en/classified/house/for-sale/nevele/9850/20795834
https://www.immoweb.be/en/classified/villa/for-sale/rixensart/1330/20796088
https://www.immoweb.be/en/classified/apartment-block/for-sale/kluisbergen/9690/20798041
https://www.immoweb.be/en/classified/house/for-sale/lokeren/9160/20757683
https://www.immoweb.be/en/classified/ground-floor/for-sale/vilvoorde/1800/20797587
https://www.immoweb.be/en/classified/apartment/for-sale/bruxelles/1000/20796870
https://www.immoweb.be/en/classified/apartment/for-sale/nieuwpoort/8620/20813993
https://www.immoweb.be/en/classified/house/for-sale/hulshout/2235/20735039
https://www.immoweb.be/en/classified/villa/for-sale/villers-poterie/6280/20665204
https://www.immoweb.be/en/classified/house/for-sale/willebroek/2830/20810528
https://www.immoweb.be/en/classified/flat-studio/for-sale/oostende/8400/20810526
https://www.immoweb.be/en/classified/house/for-sale/asse/1730/20810524
https://www.immoweb.be/en/classified/apartment/for-sale/genk/3600/20810523
https://www.immoweb.be/en/classified/duplex/for-sale/knokke/8300/20810519
https://www.immoweb.be/en/classified/apartment/for-sale/turnhout/2300/20810518
https://www.immoweb.be/en/classified/apartment/for-sale/deurne/2100/20810517
https://www.immoweb.be/en/classified/house/for-sale/beerse/2340/20810516
https://www.immoweb.be/en/classified/house/for-sale/broechem/2520/20810515
https://www.immoweb.be/en/classified/apartment/for-sale/tongeren/3700/20810512
https://www.immoweb.be/en/classified/house/for-sale/adegem/9991/20810510
https://www.immoweb.be/en/classified/house/for-sale/adegem/9991/20810507
https://www.immoweb.be/en/classified/apartment/for-sale/sint-katelijne-waver/2860/20810506
https://www.immoweb.be/en/classified/house/for-sale/melsele/9120/20810503
https://www.immoweb.be/en/classified/apartment/for-sale/schaarbeek/1030/20810500
https://www.immoweb.be/en/classified/apartment/for-sale/heist-knokke-heist/8301/20810509
https://www.immoweb.be/en/classified/penthouse/for-sale/antwerpen/2000/20810497
https://www.immoweb.be/en/classified/loft/for-sale/antwerpen/2018/20810496
https://www.immoweb.be/en/classified/house/for-sale/schoten/2900/20810498
https://www.immoweb.be/en/classified/apartment/for-sale/antwerpen-merksem/2170/20810494
https://www.immoweb.be/en/classified/house/for-sale/sint-niklaas/9100/20810490
https://www.immoweb.be/en/classified/apartment/for-sale/berlare/9290/20810489
https://www.immoweb.be/en/classified/apartment/for-sale/deurne-2100/2100/20810483
https://www.immoweb.be/en/classified/ground-floor/for-sale/geel/2440/20810479
https://www.immoweb.be/en/classified/apartment/for-sale/gent/9000/20810478
https://www.immoweb.be/en/classified/apartment/for-sale/gent/9000/20810476
https://www.immoweb.be/en/classified/apartment/for-sale/oostrozebeke/8780/20810475
https://www.immoweb.be/en/classified/house/for-sale/frasnes-lez-anvaing/7911/20810471
https://www.immoweb.be/en/classified/apartment/for-sale/bruxelles/1000/20810468
https://www.immoweb.be/en/classified/apartment/for-sale/etterbeek/1040/20810470
https://www.immoweb.be/en/classified/flat-studio/for-sale/brussel/1000/20797782
https://www.immoweb.be/en/classified/apartment/for-sale/pelt/3910/20774342
https://www.immoweb.be/en/classified/apartment/for-sale/temse/9140/20770591
https://www.immoweb.be/en/classified/apartment/for-sale/wilrijk/2610/20762691
https://www.immoweb.be/en/classified/apartment/for-sale/anderlecht/1070/20776267
https://www.immoweb.be/en/classified/penthouse/for-sale/anderlecht/1070/20776266
https://www.immoweb.be/en/classified/apartment/for-sale/antwerpen-2050/2050/20772259
https://www.immoweb.be/en/classified/apartment/for-sale/woluwe-saint-pierre/1150/20776538
https://www.immoweb.be/en/classified/penthouse/for-sale/woluwe-saint-pierre/1150/20776537
https://www.immoweb.be/en/classified/apartment/for-sale/gent/9000/20813032
https://www.immoweb.be/en/classified/house/for-sale/hornu/7301/20818315
https://www.immoweb.be/en/classified/town-house/for-sale/dinant/5500/20817843
https://www.immoweb.be/en/classified/house/for-sale/oudenaarde/9700/20750734
https://www.immoweb.be/en/classified/villa/for-sale/waterloo/1410/20818040
https://www.immoweb.be/en/classified/house/for-sale/oudenaarde/9700/20817940
https://www.immoweb.be/en/classified/villa/for-sale/sint-kruis/8310/20816780
https://www.immoweb.be/en/classified/kot/for-sale/heverlee/3001/20799502
https://www.immoweb.be/en/classified/apartment/for-sale/spa/4900/20797924
https://www.immoweb.be/en/classified/apartment/for-sale/koersel/3582/20798595
https://www.immoweb.be/en/classified/apartment/for-sale/koersel/3582/20798606
https://www.immoweb.be/en/classified/penthouse/for-sale/molenbeek-saint-jean/1080/20797745
https://www.immoweb.be/en/classified/house/for-sale/kortemark/8610/20799528
https://www.immoweb.be/en/classified/apartment/for-sale/geel/2440/20798587
https://www.immoweb.be/en/classified/apartment/for-sale/geel/2440/20798583
https://www.immoweb.be/en/classified/apartment/for-sale/geel/2440/20798586
https://www.immoweb.be/en/classified/apartment/for-sale/koersel/3582/20798601
https://www.immoweb.be/en/classified/house/for-sale/meise/1860/20800153
https://www.immoweb.be/en/classified/house/for-sale/lichtervelde/8810/20799101
https://www.immoweb.be/en/classified/apartment/for-sale/koersel/3582/20798599
https://www.immoweb.be/en/classified/apartment/for-sale/koersel/3582/20798590
https://www.immoweb.be/en/classified/house/for-sale/willebroek/2830/20805146
https://www.immoweb.be/en/classified/apartment/for-sale/as/3665/20805133
https://www.immoweb.be/en/classified/exceptional-property/for-sale/genk/3600/20805137
https://www.immoweb.be/en/classified/house/for-sale/genk/3600/20805136
https://www.immoweb.be/en/classified/house/for-sale/bree/3960/20805139
https://www.immoweb.be/en/classified/house/for-sale/genk/3600/20805131
https://www.immoweb.be/en/classified/house/for-sale/genk/3600/20805129
https://www.immoweb.be/en/classified/house/for-sale/zutendaal/3690/20805135
https://www.immoweb.be/en/classified/house/for-sale/as/3665/20805134
https://www.immoweb.be/en/classified/apartment/for-sale/kinrooi/3640/20805138
https://www.immoweb.be/en/classified/service-flat/for-sale/genk/3600/20805127
https://www.immoweb.be/en/classified/house/for-sale/genk/3600/20805125
https://www.immoweb.be/en/classified/house/for-sale/niel-bij-as/3668/20805124
https://www.immoweb.be/en/classified/apartment/for-sale/maasmechelen/3630/20805126
https://www.immoweb.be/en/classified/house/for-sale/ellikom/3670/20805122
https://www.immoweb.be/en/classified/house/for-sale/bree/3960/20805123
https://www.immoweb.be/en/classified/house/for-sale/kortessem/3720/20805121
https://www.immoweb.be/en/classified/apartment/for-sale/molenbeek-saint-jean/1080/20805119
https://www.immoweb.be/en/classified/apartment/for-sale/hasselt/3500/20805118
https://www.immoweb.be/en/classified/mansion/for-sale/leuven-heverlee/3001/20805117
https://www.immoweb.be/en/classified/house/for-sale/bellegem/8510/20805115
https://www.immoweb.be/en/classified/house/for-sale/gent/9040/20805113
https://www.immoweb.be/en/classified/house/for-sale/herselt/2230/20805112
https://www.immoweb.be/en/classified/house/for-sale/oud-turnhout/2360/20805109
https://www.immoweb.be/en/classified/house/for-sale/woluwe-saint-pierre/1150/20805103
https://www.immoweb.be/en/classified/apartment/for-sale/forest/1190/20805102
https://www.immoweb.be/en/classified/apartment/for-sale/kortrijk/8500/20805099
https://www.immoweb.be/en/classified/house/for-sale/kortenberg/3070/20805100
https://www.immoweb.be/en/classified/apartment/for-sale/deurne-2100/2100/20805097
https://www.immoweb.be/en/classified/apartment/for-sale/eeklo/9900/20805096
https://www.immoweb.be/en/classified/house/for-sale/schaerbeek/1030/20800519
https://www.immoweb.be/en/classified/house/for-sale/ronse/9600/20772651
https://www.immoweb.be/en/classified/house/for-sale/bertrix/6880/20768926
https://www.immoweb.be/en/classified/house/for-sale/bievre-oizy/5555/20673665
https://www.immoweb.be/en/classified/house/for-sale/herstal/4040/20717068
https://www.immoweb.be/en/classified/house/for-sale/liege/4000/20733710
https://www.immoweb.be/en/classified/house/for-sale/bievre/5555/20686445
https://www.immoweb.be/en/classified/house/for-sale/saint-nicolas/4420/20767510
https://www.immoweb.be/en/classified/house/for-sale/gedinne-houdremont/5575/20634083
https://www.immoweb.be/en/classified/apartment/for-sale/woluwe-saint-lambert/1200/20803527
https://www.immoweb.be/en/classified/house/for-sale/flemalle/4400/20696263
https://www.immoweb.be/en/classified/house/for-sale/fleron/4620/20582967
https://www.immoweb.be/en/classified/house/for-sale/herstal-liers/4042/20766090
https://www.immoweb.be/en/classified/ground-floor/for-sale/molenbeek-saint-jean/1080/20802908
https://www.immoweb.be/en/classified/house/for-sale/bornem/2880/20309260
https://www.immoweb.be/en/classified/house/for-sale/jupille/4020/20592945
https://www.immoweb.be/en/classified/house/for-sale/leglise/6860/20775070
https://www.immoweb.be/en/classified/house/for-sale/ans/4431/20760292
https://www.immoweb.be/en/classified/house/for-sale/neder-over-heembeek/1120/20548197
https://www.immoweb.be/en/classified/house/for-sale/herzele/9550/20810578
https://www.immoweb.be/en/classified/house/for-sale/aywaille/4920/20657082
https://www.immoweb.be/en/classified/house/for-sale/berchem-sainte-agathe/1082/20751004
https://www.immoweb.be/en/classified/house/for-sale/libramont-chevigny/6800/20708168
https://www.immoweb.be/en/classified/apartment-block/for-sale/forest/1190/20647112
https://www.immoweb.be/en/classified/house/for-sale/neupre/4121/20694889
https://www.immoweb.be/en/classified/house/for-sale/ganshoren/1083/20779880
https://www.immoweb.be/en/classified/apartment-block/for-sale/bruxelles/1000/20735450
https://www.immoweb.be/en/classified/house/for-sale/bruxelles/1000/20746765
https://www.immoweb.be/en/classified/villa/for-sale/kraainem/1950/20736719
https://www.immoweb.be/en/classified/house/for-sale/ixelles/1050/20729702
https://www.immoweb.be/en/classified/villa/for-sale/ottignies/1340/20813409
https://www.immoweb.be/en/classified/apartment/for-sale/etterbeek/1040/20813406
https://www.immoweb.be/en/classified/house/for-sale/aalst-9300/9300/20813405
https://www.immoweb.be/en/classified/house/for-sale/eben-emael/4690/20813404
https://www.immoweb.be/en/classified/house/for-sale/wonck/4690/20813403
https://www.immoweb.be/en/classified/house/for-sale/kortemark/8610/20813401
https://www.immoweb.be/en/classified/house/for-sale/harelbeke/8530/20813400
https://www.immoweb.be/en/classified/apartment/for-sale/de-haan/8420/20813399
https://www.immoweb.be/en/classified/ground-floor/for-sale/de-haan/8420/20813398
https://www.immoweb.be/en/classified/apartment/for-sale/de-haan/8420/20813397
https://www.immoweb.be/en/classified/ground-floor/for-sale/de-haan/8420/20813396
https://www.immoweb.be/en/classified/apartment/for-sale/de-haan/8420/20813395
https://www.immoweb.be/en/classified/apartment/for-sale/de-haan/8420/20813393
https://www.immoweb.be/en/classified/apartment/for-sale/de-haan/8420/20813389
https://www.immoweb.be/en/classified/apartment/for-sale/de-haan/8420/20813392
https://www.immoweb.be/en/classified/apartment/for-sale/de-haan/8420/20813387
https://www.immoweb.be/en/classified/apartment/for-sale/de-haan/8420/20813388
https://www.immoweb.be/en/classified/ground-floor/for-sale/de-haan/8420/20813386
https://www.immoweb.be/en/classified/apartment/for-sale/de-haan/8420/20813384
https://www.immoweb.be/en/classified/apartment/for-sale/de-haan/8420/20813385
https://www.immoweb.be/en/classified/apartment/for-sale/de-haan/8420/20813383
https://www.immoweb.be/en/classified/apartment/for-sale/de-haan/8420/20813382
https://www.immoweb.be/en/classified/villa/for-sale/outer/9406/20813381
https://www.immoweb.be/en/classified/apartment/for-sale/de-haan/8420/20813391
https://www.immoweb.be/en/classified/apartment/for-sale/de-haan/8420/20813394
https://www.immoweb.be/en/classified/apartment/for-sale/de-haan/8420/20813390
https://www.immoweb.be/en/classified/villa/for-sale/torhout/8820/20813380
https://www.immoweb.be/en/classified/duplex/for-sale/oostende/8400/20813379
https://www.immoweb.be/en/classified/flat-studio/for-sale/oostende/8400/20813376
https://www.immoweb.be/en/classified/house/for-sale/lissewege/8380/20813375
https://www.immoweb.be/en/classified/house/for-sale/thy-le-chateau/5651/20547324
https://www.immoweb.be/en/classified/house/for-sale/marche-en-famenne/6900/20735726
https://www.immoweb.be/en/classified/mixed-use-building/for-sale/sint-agatha-berchem/1082/20563784
https://www.immoweb.be/en/classified/exceptional-property/for-sale/libin-villance/6890/20665507
https://www.immoweb.be/en/classified/mixed-use-building/for-sale/fleron/4620/20585414
https://www.immoweb.be/en/classified/villa/for-sale/tervueren/3080/20780050
https://www.immoweb.be/en/classified/villa/for-sale/ouffet/4590/20771859
https://www.immoweb.be/en/classified/mansion/for-sale/herseaux/7712/20742124
https://www.immoweb.be/en/classified/mixed-use-building/for-sale/gedinne-malvoisin/5575/20770909
https://www.immoweb.be/en/classified/house/for-sale/arlon/6700/20810961
https://www.immoweb.be/en/classified/house/for-sale/bruxelles/1000/20755420
https://www.immoweb.be/en/classified/mixed-use-building/for-sale/genappe-baisy-thy/1470/20712001
https://www.immoweb.be/en/classified/house/for-sale/genappe/1470/20684815
https://www.immoweb.be/en/classified/house/for-sale/hoeilaart/1560/20709668
https://www.immoweb.be/en/classified/house/for-sale/olne/4877/20741747
https://www.immoweb.be/en/classified/house/for-sale/schaerbeek/1030/20767223
https://www.immoweb.be/en/classified/mixed-use-building/for-sale/ixelles/1050/20523151
https://www.immoweb.be/en/classified/mixed-use-building/for-sale/saint-gilles/1060/20523119
https://www.immoweb.be/en/classified/apartment-block/for-sale/gent/9000/20714696
https://www.immoweb.be/en/classified/exceptional-property/for-sale/uccle/1180/20684801
https://www.immoweb.be/en/classified/villa/for-sale/uccle/1180/20769548
https://www.immoweb.be/en/classified/apartment-block/for-sale/durbuy/6940/20718183
https://www.immoweb.be/en/classified/apartment/for-sale/gent/9000/20816287
https://www.immoweb.be/en/classified/penthouse/for-sale/gent/9000/20816290
https://www.immoweb.be/en/classified/flat-studio/for-sale/middelkerke/8430/20816156
https://www.immoweb.be/en/classified/apartment/for-sale/blankenberge/8370/20815327
https://www.immoweb.be/en/classified/apartment/for-sale/aalst/9300/20814155
https://www.immoweb.be/en/classified/apartment/for-sale/knokke-heist/8300/20814852
https://www.immoweb.be/en/classified/house/for-sale/liege/4000/20676855
https://www.immoweb.be/en/classified/apartment-block/for-sale/mechelen/2800/20770752
https://www.immoweb.be/en/classified/house/for-sale/poppel/2382/20812258
https://www.immoweb.be/en/classified/apartment/for-sale/ixelles/1050/20812256
https://www.immoweb.be/en/classified/house/for-sale/zedelgem/8210/20812255
https://www.immoweb.be/en/classified/apartment/for-sale/forest/1190/20812252
https://www.immoweb.be/en/classified/flat-studio/for-sale/antwerpen-2000/2000/20812248
https://www.immoweb.be/en/classified/house/for-sale/genappe/1470/20812247
https://www.immoweb.be/en/classified/apartment-block/for-sale/marcinelle/6001/20812246
https://www.immoweb.be/en/classified/mixed-use-building/for-sale/marcinelle/6001/20812245
https://www.immoweb.be/en/classified/house/for-sale/wemmel/1780/20812243
https://www.immoweb.be/en/classified/villa/for-sale/wemmel/1780/20812241
https://www.immoweb.be/en/classified/house/for-sale/brussel/1000/20812242
https://www.immoweb.be/en/classified/house/for-sale/zandvliet/2040/20812239
https://www.immoweb.be/en/classified/house/for-sale/stabroek/2940/20812240
https://www.immoweb.be/en/classified/apartment/for-sale/brussel/1000/20812232
https://www.immoweb.be/en/classified/apartment/for-sale/de-panne/8660/20468069
https://www.immoweb.be/en/classified/flat-studio/for-sale/de-panne/8660/20465443
https://www.immoweb.be/en/classified/apartment/for-sale/schaarbeek/1030/20812230
https://www.immoweb.be/en/classified/apartment/for-sale/etterbeek/1040/20812231
https://www.immoweb.be/en/classified/duplex/for-sale/brasschaat/2930/20812225
https://www.immoweb.be/en/classified/villa/for-sale/lissewege/8380/20812224
https://www.immoweb.be/en/classified/penthouse/for-sale/harelbeke/8530/20812223
https://www.immoweb.be/en/classified/house/for-sale/torhout/8820/20812221
https://www.immoweb.be/en/classified/house/for-sale/chiny/6810/20812220
https://www.immoweb.be/en/classified/house/for-sale/ath/7800/20812218
https://www.immoweb.be/en/classified/house/for-sale/lokeren/9160/20812217
https://www.immoweb.be/en/classified/apartment-block/for-sale/lokeren/9160/20812216
https://www.immoweb.be/en/classified/house/for-sale/aarschot/3200/20797420
https://www.immoweb.be/en/classified/apartment/for-sale/antwerpen/2000/20812210
https://www.immoweb.be/en/classified/duplex/for-sale/antwerpen/2000/20812209
https://www.immoweb.be/en/classified/duplex/for-sale/antwerpen/2000/20812208
https://www.immoweb.be/en/classified/apartment/for-sale/brussel/1000/20808886
https://www.immoweb.be/en/classified/penthouse/for-sale/oostende/8400/20811003
https://www.immoweb.be/en/classified/ground-floor/for-sale/wemmel/1780/20811949
https://www.immoweb.be/en/classified/apartment/for-sale/knokke-heist/8300/20808108
https://www.immoweb.be/en/classified/new-real-estate-project-apartments/for-sale/sint-jans-molenbeek/1080/20766378
https://www.immoweb.be/en/classified/new-real-estate-project-apartments/for-sale/gembloux/5032/20761129
https://www.immoweb.be/en/classified/new-real-estate-project-apartments/for-sale/izegem/8870/20776297
https://www.immoweb.be/en/classified/new-real-estate-project-apartments/for-sale/roeselare/8800/20773409
https://www.immoweb.be/en/classified/new-real-estate-project-apartments/for-sale/roeselare/8800/20773420
https://www.immoweb.be/en/classified/new-real-estate-project-apartments/for-sale/gembloux/5030/20762395
https://www.immoweb.be/en/classified/new-real-estate-project-houses/for-sale/meulebeke/8760/20774538
https://www.immoweb.be/en/classified/new-real-estate-project-apartments/for-sale/antwerpen/2000/20693758
https://www.immoweb.be/en/classified/apartment/for-sale/vilvoorde/1800/20736464
https://www.immoweb.be/en/classified/apartment/for-sale/jette/1090/20680953
https://www.immoweb.be/en/classified/apartment/for-sale/schaerbeek/1030/20755912
https://www.immoweb.be/en/classified/apartment/for-sale/molenbeek-saint-jean/1080/20747453
https://www.immoweb.be/en/classified/apartment/for-sale/molenbeek-saint-jean/1080/20702427
https://www.immoweb.be/en/classified/apartment/for-sale/evere/1140/20745933
https://www.immoweb.be/en/classified/apartment/for-sale/bruxelles/1050/20715908
https://www.immoweb.be/en/classified/apartment/for-sale/saint-gilles/1060/20650740
https://www.immoweb.be/en/classified/apartment/for-sale/laeken/1020/20730414
https://www.immoweb.be/en/classified/apartment/for-sale/hasselt/3511/20719457
https://www.immoweb.be/en/classified/house/for-sale/huy/4500/20813543
https://www.immoweb.be/en/classified/duplex/for-sale/laeken/1020/20706309
https://www.immoweb.be/en/classified/apartment/for-sale/uccle/1180/20626317
https://www.immoweb.be/en/classified/apartment/for-sale/woluwe-saint-lambert/1200/20810826
https://www.immoweb.be/en/classified/house/for-sale/brugge/8000/20813657
https://www.immoweb.be/en/classified/apartment/for-sale/schaerbeek/1030/20744167
https://www.immoweb.be/en/classified/house/for-sale/gent/9000/20815476
https://www.immoweb.be/en/classified/apartment/for-sale/ixelles/1050/20706665
https://www.immoweb.be/en/classified/house/for-sale/aalst/9320/20813714
https://www.immoweb.be/en/classified/apartment/for-sale/heist-op-den-berg-itegem/2222/20813713
https://www.immoweb.be/en/classified/villa/for-sale/boutersem/3370/20813711
https://www.immoweb.be/en/classified/house/for-sale/holsbeek/3220/20813710
https://www.immoweb.be/en/classified/apartment/for-sale/heist-op-den-berg-itegem/2222/20813707
https://www.immoweb.be/en/classified/duplex/for-sale/tessenderlo-ham/3945/20813702
https://www.immoweb.be/en/classified/house/for-sale/kester/1755/20813699
https://www.immoweb.be/en/classified/house/for-sale/wanfercee-baulet/6224/20813693
https://www.immoweb.be/en/classified/house/for-sale/leuze/5310/20813690
https://www.immoweb.be/en/classified/house/for-sale/baudour/7331/20802009
https://www.immoweb.be/en/classified/house/for-sale/esneux/4130/20813688
https://www.immoweb.be/en/classified/house/for-sale/gedinne/5575/20813679
https://www.immoweb.be/en/classified/house/for-sale/willerzie/5575/20813677
https://www.immoweb.be/en/classified/chalet/for-sale/hastiere/5540/20652341
https://www.immoweb.be/en/classified/apartment/for-sale/mons/7000/20813672
https://www.immoweb.be/en/classified/apartment/for-sale/tongeren-borgloon/3700/20813671
https://www.immoweb.be/en/classified/house/for-sale/koksijde/8670/20813660
https://www.immoweb.be/en/classified/house/for-sale/balen/2490/20813659
https://www.immoweb.be/en/classified/house/for-sale/balen/2490/20813658
https://www.immoweb.be/en/classified/house/for-sale/brugge/8000/20813657
https://www.immoweb.be/en/classified/penthouse/for-sale/court-st-etienne/1490/20813656
https://www.immoweb.be/en/classified/apartment/for-sale/oostende/8400/20813654
https://www.immoweb.be/en/classified/house/for-sale/meix-devant-virton/6769/20629786
https://www.immoweb.be/en/classified/apartment-block/for-sale/ixelles/1050/20813649
https://www.immoweb.be/en/classified/house/for-sale/estaimbourg/7730/20813647
https://www.immoweb.be/en/classified/house/for-sale/silly/7830/20265872
https://www.immoweb.be/en/classified/apartment/for-sale/elsene/1050/20813644
https://www.immoweb.be/en/classified/house/for-sale/bertrix/6880/20813637
https://www.immoweb.be/en/classified/apartment/for-sale/auvelais/5060/20813636
https://www.immoweb.be/en/classified/apartment/for-sale/borgerhout/2140/20813634
https://www.immoweb.be/en/classified/apartment/for-sale/oostkamp/8020/20790298
https://www.immoweb.be/en/classified/apartment/for-sale/edegem/2650/20789866
https://www.immoweb.be/en/classified/service-flat/for-sale/dilbeek/1700/20789929
https://www.immoweb.be/en/classified/apartment/for-sale/hasselt/3500/20789150
https://www.immoweb.be/en/classified/apartment-block/for-sale/herstal-herstal/4040/20816670
https://www.immoweb.be/en/classified/villa/for-sale/chaumont-gistoux/1325/20756617
https://www.immoweb.be/en/classified/mixed-use-building/for-sale/seraing/4100/20796129
https://www.immoweb.be/en/classified/house/for-sale/otegem/8553/20798442
https://www.immoweb.be/en/classified/house/for-sale/izegem/8870/20796036
https://www.immoweb.be/en/classified/house/for-sale/izegem/8870/20796072
https://www.immoweb.be/en/classified/house/for-sale/geraardsbergen/9500/20796131
https://www.immoweb.be/en/classified/house/for-sale/marke/8510/20796087
https://www.immoweb.be/en/classified/house/for-sale/sint-genesius-rode/1640/20797419
https://www.immoweb.be/en/classified/house/for-sale/ohey-perwez/5352/20798482
https://www.immoweb.be/en/classified/mansion/for-sale/aalst/9300/20796350
https://www.immoweb.be/en/classified/house/for-sale/knokke-zoute/8300/20797048
https://www.immoweb.be/en/classified/apartment/for-sale/auderghem/1160/20809696
https://www.immoweb.be/en/classified/apartment/for-sale/aalst/9300/20802461
https://www.immoweb.be/en/classified/apartment/for-sale/antwerpen/2060/20804167
https://www.immoweb.be/en/classified/apartment/for-sale/etterbeek/1040/20805435
https://www.immoweb.be/en/classified/apartment/for-sale/forest/1190/20803252
https://www.immoweb.be/en/classified/penthouse/for-sale/schriek/2223/20804711
https://www.immoweb.be/en/classified/triplex/for-sale/saint-gilles/1060/20805365
https://www.immoweb.be/en/classified/villa/for-sale/uccle/1180/20705530
https://www.immoweb.be/en/classified/apartment/for-sale/oostende/8400/20803476
https://www.immoweb.be/en/classified/apartment/for-sale/antwerpen/2000/20775935
https://www.immoweb.be/en/classified/house/for-sale/woluwe-saint-pierre/1150/20762862
https://www.immoweb.be/en/classified/house/for-sale/binche/7130/20811056
https://www.immoweb.be/en/classified/apartment-block/for-sale/ougree-seraing/4102/20809620
https://www.immoweb.be/en/classified/house/for-sale/marchin/4570/20810334
https://www.immoweb.be/en/classified/house/for-sale/schoten/2900/20812965
https://www.immoweb.be/en/classified/house/for-sale/soumagne/4630/20812961
https://www.immoweb.be/en/classified/house/for-sale/tessenderlo-ham/3980/20812960
https://www.immoweb.be/en/classified/penthouse/for-sale/blankenberge-blankenberge/8370/20812959
https://www.immoweb.be/en/classified/apartment/for-sale/rodange/4831/20792843
https://www.immoweb.be/en/classified/house/for-sale/aubange/6790/20812957
https://www.immoweb.be/en/classified/house/for-sale/ottignies/1340/20812955
https://www.immoweb.be/en/classified/house/for-sale/bullange/4760/20742010
https://www.immoweb.be/en/classified/house/for-sale/chiny/6810/20812954
https://www.immoweb.be/en/classified/house/for-sale/zulte/9870/20812952
https://www.immoweb.be/en/classified/house/for-sale/kruisem/9750/20812951
https://www.immoweb.be/en/classified/exceptional-property/for-sale/jurbise/7050/20812950
https://www.immoweb.be/en/classified/apartment/for-sale/harelbeke/8530/20812949
https://www.immoweb.be/en/classified/apartment/for-sale/de-haan/8420/20812948
https://www.immoweb.be/en/classified/house/for-sale/oudenaarde/9700/20812946
https://www.immoweb.be/en/classified/apartment/for-sale/etterbeek/1040/20812944
https://www.immoweb.be/en/classified/ground-floor/for-sale/jabbeke/8490/20812943
https://www.immoweb.be/en/classified/house/for-sale/steenokkerzeel/1820/20812941
https://www.immoweb.be/en/classified/house/for-sale/duffel/2570/20812940
https://www.immoweb.be/en/classified/house/for-sale/duffel/2570/20812939
https://www.immoweb.be/en/classified/house/for-sale/torhout/8820/20812938
https://www.immoweb.be/en/classified/house/for-sale/hemiksem/2620/20812936
https://www.immoweb.be/en/classified/house/for-sale/blaasveld/2830/20812935
https://www.immoweb.be/en/classified/apartment/for-sale/brussel/1020/20812934
https://www.immoweb.be/en/classified/apartment-block/for-sale/liege/4020/20812932
https://www.immoweb.be/en/classified/house/for-sale/courcelles/6180/20812908
https://www.immoweb.be/en/classified/villa/for-sale/wezembeek-oppem/1970/20812906
https://www.immoweb.be/en/classified/house/for-sale/oostkamp/8020/20812905
https://www.immoweb.be/en/classified/apartment/for-sale/bruxelles/1000/20812904
https://www.immoweb.be/en/classified/house/for-sale/deinze/9800/20812899
https://www.immoweb.be/en/classified/apartment/for-sale/woluwe-saint-pierre/1150/20630981
https://www.immoweb.be/en/classified/apartment/for-sale/heist-aan-zee/8301/20046743
https://www.immoweb.be/en/classified/apartment/for-sale/antwerpen-2000/2000/20738700
https://www.immoweb.be/en/classified/apartment/for-sale/oostende/8400/20640702
https://www.immoweb.be/en/classified/apartment/for-sale/liege/4000/20281160
https://www.immoweb.be/en/classified/apartment/for-sale/knokke/8300/11040240
https://www.immoweb.be/en/classified/apartment/for-sale/heist-aan-zee/8301/20591196
https://www.immoweb.be/en/classified/apartment/for-sale/oostende/8400/20377217
https://www.immoweb.be/en/classified/apartment/for-sale/blankenberge/8370/20763956
https://www.immoweb.be/en/classified/apartment/for-sale/mechelen/2800/20764444
https://www.immoweb.be/en/classified/apartment/for-sale/oostende/8400/20761317
https://www.immoweb.be/en/classified/apartment/for-sale/woluwe-saint-lambert/1200/20757592
https://www.immoweb.be/en/classified/house/for-sale/ronse/9600/20741448
https://www.immoweb.be/en/classified/house/for-sale/aalst-9300/9300/20775202
https://www.immoweb.be/en/classified/house/for-sale/ronse/9600/20708131
https://www.immoweb.be/en/classified/house/for-sale/arlon/6700/20776518
https://www.immoweb.be/en/classified/house/for-sale/musson/6750/20790897
https://www.immoweb.be/en/classified/exceptional-property/for-sale/pulle/2243/20773662
https://www.immoweb.be/en/classified/town-house/for-sale/brasschaat/2930/20776148
https://www.immoweb.be/en/classified/house/for-sale/sint-job-in-t-goor/2960/20776086
https://www.immoweb.be/en/classified/villa/for-sale/ottignies-louvain-la-neuve/1340/20569946
https://www.immoweb.be/en/classified/house/for-sale/deinze/9800/20812899
https://www.immoweb.be/en/classified/house/for-sale/ninove/9400/20812537
https://www.immoweb.be/en/classified/duplex/for-sale/tournai/7500/20816114
https://www.immoweb.be/en/classified/apartment/for-sale/antwerpen/2018/20780403
https://www.immoweb.be/en/classified/apartment/for-sale/rixensart/1330/20780531
https://www.immoweb.be/en/classified/apartment/for-sale/berchem/2600/20780146
https://www.immoweb.be/en/classified/house/for-sale/geraardsbergen/9500/20813298
https://www.immoweb.be/en/classified/house/for-sale/melsele/9120/20810503
https://www.immoweb.be/en/classified/house/for-sale/aartselaar/2630/20812280
https://www.immoweb.be/en/classified/house/for-sale/bachte-maria-leerne/9800/20809492
https://www.immoweb.be/en/classified/apartment-block/for-sale/tournai/7500/20809491
https://www.immoweb.be/en/classified/apartment/for-sale/kortrijk/8500/20809490
https://www.immoweb.be/en/classified/apartment/for-sale/zulte/9870/20809489
https://www.immoweb.be/en/classified/house/for-sale/harelbeke/8530/20809487
https://www.immoweb.be/en/classified/house/for-sale/zele/9240/20809486
https://www.immoweb.be/en/classified/apartment/for-sale/uccle/1180/20809482
https://www.immoweb.be/en/classified/new-real-estate-project-apartments/for-sale/bruxelles/1000/20809477
https://www.immoweb.be/en/classified/house/for-sale/oostduinkerke/8670/20809475
https://www.immoweb.be/en/classified/apartment/for-sale/uccle/1180/20809474
https://www.immoweb.be/en/classified/house/for-sale/heist-op-den-berg/2220/20809473
https://www.immoweb.be/en/classified/house/for-sale/grace-hollogne/4460/20809472
https://www.immoweb.be/en/classified/mansion/for-sale/brugge/8000/20809469
https://www.immoweb.be/en/classified/house/for-sale/brugge/8000/20809468
https://www.immoweb.be/en/classified/mansion/for-sale/forest/1190/20809465
https://www.immoweb.be/en/classified/house/for-sale/ougree/4102/20809464
https://www.immoweb.be/en/classified/house/for-sale/seraing-seraing/4100/20809463
https://www.immoweb.be/en/classified/ground-floor/for-sale/eeklo/9900/20809462
https://www.immoweb.be/en/classified/apartment/for-sale/charleroi-marcinelle/6001/20809461
https://www.immoweb.be/en/classified/apartment/for-sale/charleroi/6000/20809459
https://www.immoweb.be/en/classified/apartment/for-sale/charleroi-marcinelle/6001/20809457
https://www.immoweb.be/en/classified/house/for-sale/tienen/3300/20809456
https://www.immoweb.be/en/classified/house/for-sale/binche/7130/20809455
https://www.immoweb.be/en/classified/apartment/for-sale/anderlecht/1070/20809453
https://www.immoweb.be/en/classified/house/for-sale/hoeilaart/1560/20809451
https://www.immoweb.be/en/classified/mixed-use-building/for-sale/uccle/1180/20809448
https://www.immoweb.be/en/classified/apartment-block/for-sale/nivelles/1400/20809446
https://www.immoweb.be/en/classified/new-real-estate-project-apartments/for-sale/woluwe-saint-lambert/1200/20809378
https://www.immoweb.be/en/classified/house/for-sale/dendermonde/9200/20809377
https://www.immoweb.be/en/classified/apartment/for-sale/hoboken/2660/20809372
https://www.immoweb.be/en/classified/villa/for-sale/roeselare/8800/20807894
https://www.immoweb.be/en/classified/house/for-sale/vilvoorde/1800/20779245
https://www.immoweb.be/en/classified/country-cottage/for-sale/erpe-mere/9420/20587106
https://www.immoweb.be/en/classified/house/for-sale/eghezee/5310/20805689
https://www.immoweb.be/en/classified/house/for-sale/kessel-lo/3010/20803438
https://www.immoweb.be/en/classified/mixed-use-building/for-sale/bilzen-hoeselt/3740/20803480
https://www.immoweb.be/en/classified/house/for-sale/knokke-heist/8300/20804462
https://www.immoweb.be/en/classified/flat-studio/for-sale/leuven/3000/20806535
https://www.immoweb.be/en/classified/chalet/for-sale/bertrix/6880/20782997
https://www.immoweb.be/en/classified/house/for-sale/kortrijk/8500/20784353
https://www.immoweb.be/en/classified/flat-studio/for-sale/gent/9000/20803348
https://www.immoweb.be/en/classified/house/for-sale/hoboken/2660/20786423
https://www.immoweb.be/en/classified/bungalow/for-sale/diksmuide/8600/20783272
https://www.immoweb.be/en/classified/apartment/for-sale/jette/1090/20803495
https://www.immoweb.be/en/classified/apartment/for-sale/charleroi/6001/20805356
https://www.immoweb.be/en/classified/apartment/for-sale/forest/1190/20803706
https://www.immoweb.be/en/classified/apartment/for-sale/forest-forest/1190/20804955
https://www.immoweb.be/en/classified/ground-floor/for-sale/evere-evere/1140/20802996
https://www.immoweb.be/en/classified/house/for-sale/merksem/2170/20785674
https://www.immoweb.be/en/classified/house/for-sale/bellegem/8510/20786862
https://www.immoweb.be/en/classified/house/for-sale/zaventem/1930/20783414
https://www.immoweb.be/en/classified/apartment/for-sale/ixelles/1050/20805498
https://www.immoweb.be/en/classified/house/for-sale/heron/4217/20781966
https://www.immoweb.be/en/classified/house/for-sale/lessines/7864/20782980
https://www.immoweb.be/en/classified/apartment-block/for-sale/liege/4000/20786369
https://www.immoweb.be/en/classified/apartment/for-sale/bruxelles/1180/20805499
https://www.immoweb.be/en/classified/house/for-sale/middelkerke/8430/20783259
https://www.immoweb.be/en/classified/villa/for-sale/genk/3600/20788506
https://www.immoweb.be/en/classified/apartment/for-sale/aalst-9300/9300/20751856
https://www.immoweb.be/en/classified/penthouse/for-sale/ixelles/1050/20584358
https://www.immoweb.be/en/classified/triplex/for-sale/bruxelles/1050/20805220
https://www.immoweb.be/en/classified/flat-studio/for-sale/koekelberg/1081/20805209
https://www.immoweb.be/en/classified/house/for-sale/chaussee-notre-dame-louvignies/7063/20805172
https://www.immoweb.be/en/classified/house/for-sale/dour/7370/20805204
https://www.immoweb.be/en/classified/mixed-use-building/for-sale/brugelette/7940/20805203
https://www.immoweb.be/en/classified/house/for-sale/seraing-seraing/4100/20805201
https://www.immoweb.be/en/classified/house/for-sale/menen/8930/20805199
https://www.immoweb.be/en/classified/house/for-sale/evere/1140/20334769
https://www.immoweb.be/en/classified/house/for-sale/erps-kwerps/3071/20512090
https://www.immoweb.be/en/classified/villa/for-sale/wommelgem/2160/20805194
https://www.immoweb.be/en/classified/apartment/for-sale/middelkerke/8430/20805182
https://www.immoweb.be/en/classified/house/for-sale/eugies-frameries/7080/20805181
https://www.immoweb.be/en/classified/house/for-sale/kapellen/2950/20805179
https://www.immoweb.be/en/classified/apartment/for-sale/woluwe-saint-lambert/1200/20797477
https://www.immoweb.be/en/classified/house/for-sale/villers-le-bouillet-villers-le-bouillet/4530/20805176
https://www.immoweb.be/en/classified/duplex/for-sale/anderlecht-anderlecht/1070/20805174
https://www.immoweb.be/en/classified/new-real-estate-project-apartments/for-sale/charleroi/6000/20805173
https://www.immoweb.be/en/classified/apartment/for-sale/jette/1090/20805171
https://www.immoweb.be/en/classified/apartment/for-sale/molenbeek/1080/20805168
https://www.immoweb.be/en/classified/apartment/for-sale/serskamp/9260/20805167
https://www.immoweb.be/en/classified/house/for-sale/hoboken/2660/20805165
https://www.immoweb.be/en/classified/house/for-sale/mortsel/2640/20805164
https://www.immoweb.be/en/classified/flat-studio/for-sale/saint-gilles/1060/20805159
https://www.immoweb.be/en/classified/house/for-sale/ingelmunster/8770/20805157
https://www.immoweb.be/en/classified/house/for-sale/wevelgem/8560/20805158
https://www.immoweb.be/en/classified/house/for-sale/ingelmunster/8770/20805154
https://www.immoweb.be/en/classified/house/for-sale/lendelede/8860/20805152
https://www.immoweb.be/en/classified/house/for-sale/harelbeke/8530/20805153
https://www.immoweb.be/en/classified/house/for-sale/waregem/8790/20747454
https://www.immoweb.be/en/classified/house/for-sale/la-louviere-strepy-bracquegnies/7110/20805151
https://www.immoweb.be/en/classified/bungalow/for-sale/diksmuide/8600/20783272
https://www.immoweb.be/en/classified/house/for-sale/duffel/2570/20783374
https://www.immoweb.be/en/classified/house/for-sale/zottegem/9620/20809656
https://www.immoweb.be/en/classified/country-cottage/for-sale/zottegem/9620/20809631
https://www.immoweb.be/en/classified/villa/for-sale/zeebrugge/8380/20810133
https://www.immoweb.be/en/classified/house/for-sale/middelkerke/8430/20783259
https://www.immoweb.be/en/classified/house/for-sale/lasne/1380/20812161
https://www.immoweb.be/en/classified/house/for-sale/zemst/1980/20791039
https://www.immoweb.be/en/classified/house/for-sale/oudenaarde/9700/20790771
https://www.immoweb.be/en/classified/house/for-sale/woluwe-saint-pierre/1150/20789277
https://www.immoweb.be/en/classified/apartment/for-sale/knokke-heist/8300/20818291
https://www.immoweb.be/en/classified/apartment/for-sale/knokke-zoute/8300/20755054
https://www.immoweb.be/en/classified/apartment/for-sale/evere/1140/20647070
https://www.immoweb.be/en/classified/villa/for-sale/brasschaat/2930/20776080
https://www.immoweb.be/en/classified/apartment/for-sale/knokke/8300/11343944
https://www.immoweb.be/en/classified/house/for-sale/gent/9000/20826949
https://www.immoweb.be/en/classified/penthouse/for-sale/oostduinkerke/8670/20791818
https://www.immoweb.be/en/classified/apartment/for-sale/zaventem/1930/20794850
https://www.immoweb.be/en/classified/villa/for-sale/kortrijk/8510/20823976
https://www.immoweb.be/en/classified/house/for-sale/sint-pieters-leeuw/1600/20763149
https://www.immoweb.be/en/classified/house/for-sale/zemst/1982/20763381
https://www.immoweb.be/en/classified/house/for-sale/marbais-villers-la-ville/1495/20801258
https://www.immoweb.be/en/classified/house/for-sale/londerzeel/1840/20761437
https://www.immoweb.be/en/classified/apartment/for-sale/middelkerke/8430/20809648
https://www.immoweb.be/en/classified/apartment/for-sale/sint-denijs-westrem/9051/10513020
https://www.immoweb.be/en/classified/apartment/for-sale/liege/4000/20589671
https://www.immoweb.be/en/classified/apartment/for-sale/oostende/8400/20709699
https://www.immoweb.be/en/classified/apartment/for-sale/zottegem/9620/20704582
https://www.immoweb.be/en/classified/apartment/for-sale/seraing/4100/20620064
https://www.immoweb.be/en/classified/apartment/for-sale/mortsel/2640/9750718
https://www.immoweb.be/en/classified/apartment-block/for-sale/sint-jans-molenbeek/1080/20471687
https://www.immoweb.be/en/classified/exceptional-property/for-sale/rhode-saint-genese/1640/20735605
https://www.immoweb.be/en/classified/apartment/for-sale/knokke-heist/8300/20813893
https://www.immoweb.be/en/classified/villa/for-sale/tubize/1480/20805431
https://www.immoweb.be/en/classified/bungalow/for-sale/lembeek/1502/20751286
https://www.immoweb.be/en/classified/house/for-sale/zonhoven/3520/20799856
https://www.immoweb.be/en/classified/house/for-sale/koksijde/8670/20225000
https://www.immoweb.be/en/classified/chalet/for-sale/durbuy/6940/20704574
https://www.immoweb.be/en/classified/house/for-sale/ruddervoorde/8020/20687877
https://www.immoweb.be/en/classified/house/for-sale/hamme/9220/20744896
https://www.immoweb.be/en/classified/apartment-block/for-sale/huy/4500/20203394
https://www.immoweb.be/en/classified/house/for-sale/liege-chenee/4032/20539898
https://www.immoweb.be/en/classified/house/for-sale/saint-nicolas/4420/20088672
https://www.immoweb.be/en/classified/house/for-sale/bellaire/4610/20706662
https://www.immoweb.be/en/classified/house/for-sale/wichelen-schellebelle/9260/20218721
https://www.immoweb.be/en/classified/house/for-sale/haaltert/9450/20658576
https://www.immoweb.be/en/classified/town-house/for-sale/le-roeulx/7070/20698804
https://www.immoweb.be/en/classified/house/for-sale/eeklo/9900/11458078
https://www.immoweb.be/en/classified/villa/for-sale/virton/6760/20741444
https://www.immoweb.be/en/classified/house/for-sale/heist-op-den-berg/2221/20520698
https://www.immoweb.be/en/classified/house/for-sale/genk/3600/20617454
https://www.immoweb.be/en/classified/house/for-sale/oostkamp/8020/20729222
https://www.immoweb.be/en/classified/house/for-sale/brugge/8310/20694267
https://www.immoweb.be/en/classified/house/for-sale/torhout/8820/20715269
https://www.immoweb.be/en/classified/house/for-sale/bredene/8450/20522196
https://www.immoweb.be/en/classified/house/for-sale/kemzeke/9190/20669949
https://www.immoweb.be/en/classified/house/for-sale/oudenburg/8460/20599297
https://www.immoweb.be/en/classified/house/for-sale/berlare/9290/20676010
https://www.immoweb.be/en/classified/house/for-sale/sint-idesbald/8670/20494520
https://www.immoweb.be/en/classified/bungalow/for-sale/ambly/6953/20708154
https://www.immoweb.be/en/classified/house/for-sale/hillegem/9550/20806175
https://www.immoweb.be/en/classified/house/for-sale/sint-andries/8200/20806174
https://www.immoweb.be/en/classified/villa/for-sale/schilde/2970/20806173
https://www.immoweb.be/en/classified/house/for-sale/wijnegem/2110/20806172
https://www.immoweb.be/en/classified/house/for-sale/tielt-8700/8700/20806164
https://www.immoweb.be/en/classified/house/for-sale/kortenberg/3070/20806163
https://www.immoweb.be/en/classified/mixed-use-building/for-sale/turnhout/2300/20508684
https://www.immoweb.be/en/classified/house/for-sale/gent/9000/20806161
https://www.immoweb.be/en/classified/house/for-sale/brakel/9660/20806157
https://www.immoweb.be/en/classified/house/for-sale/liedekerke/1770/20806155
https://www.immoweb.be/en/classified/house/for-sale/fexhele-haut-clocher/4347/20806153
https://www.immoweb.be/en/classified/apartment-block/for-sale/schaerbeek/1030/20806152
https://www.immoweb.be/en/classified/house/for-sale/haacht/3150/20806140
https://www.immoweb.be/en/classified/apartment/for-sale/grez-doiceau/1390/20806139
https://www.immoweb.be/en/classified/house/for-sale/fexhele-haut-clocher/4347/20806138
https://www.immoweb.be/en/classified/apartment/for-sale/grez-doiceau/1390/20806136
https://www.immoweb.be/en/classified/apartment/for-sale/grez-doiceau/1390/20806134
https://www.immoweb.be/en/classified/house/for-sale/donceel/4357/20806133
https://www.immoweb.be/en/classified/apartment/for-sale/lanaken/3620/20687161
https://www.immoweb.be/en/classified/apartment/for-sale/chapelle-lez-herlaimont/7160/20806131
https://www.immoweb.be/en/classified/apartment/for-sale/chapelle-lez-herlaimont/7160/20806130
https://www.immoweb.be/en/classified/apartment/for-sale/chapelle-lez-herlaimont/7160/20806129
https://www.immoweb.be/en/classified/apartment/for-sale/chapelle-lez-herlaimont/7160/20806128
https://www.immoweb.be/en/classified/apartment/for-sale/chapelle-lez-herlaimont/7160/20806127
https://www.immoweb.be/en/classified/apartment/for-sale/chapelle-lez-herlaimont/7160/20806126
https://www.immoweb.be/en/classified/house/for-sale/geetbets/3450/20806125
https://www.immoweb.be/en/classified/villa/for-sale/hamme/9220/20806124
https://www.immoweb.be/en/classified/apartment/for-sale/braine-lalleud/1420/20806122
https://www.immoweb.be/en/classified/apartment/for-sale/knokke/8300/20813508
https://www.immoweb.be/en/classified/apartment/for-sale/wilrijk/2610/20804059
https://www.immoweb.be/en/classified/apartment/for-sale/hoboken/2660/20804108
https://www.immoweb.be/en/classified/apartment/for-sale/schoten/2900/20803118
https://www.immoweb.be/en/classified/apartment/for-sale/bruxelles/1040/20802925
https://www.immoweb.be/en/classified/mixed-use-building/for-sale/geraardsbergen/9500/20816183
https://www.immoweb.be/en/classified/house/for-sale/mechelen/2800/20803754
https://www.immoweb.be/en/classified/apartment/for-sale/beveren-kruibeke-zwijndrecht/2070/20797506
https://www.immoweb.be/en/classified/ground-floor/for-sale/beveren-kruibeke-zwijndrecht/2070/20797500
https://www.immoweb.be/en/classified/house/for-sale/puurs/2870/20805483
https://www.immoweb.be/en/classified/house/for-sale/hombeek/2811/20802075
https://www.immoweb.be/en/classified/house/for-sale/libin/6890/20804793
https://www.immoweb.be/en/classified/apartment/for-sale/antwerpen/2020/20814808
https://www.immoweb.be/en/classified/apartment/for-sale/de-haan/8420/20808995
https://www.immoweb.be/en/classified/apartment/for-sale/hoboken/2660/20814312
https://www.immoweb.be/en/classified/apartment/for-sale/etterbeek/1040/20811049
https://www.immoweb.be/en/classified/apartment/for-sale/boortmeerbeek/3190/20797257
https://www.immoweb.be/en/classified/apartment/for-sale/bruxelles/1050/20815375
https://www.immoweb.be/en/classified/apartment/for-sale/gent/9000/20810476
https://www.immoweb.be/en/classified/apartment/for-sale/oostduinkerke/8670/20811151
https://www.immoweb.be/en/classified/apartment/for-sale/knokke-zoute/8300/20811092
https://www.immoweb.be/en/classified/apartment/for-sale/nieuwpoort/8620/20811947
https://www.immoweb.be/en/classified/house/for-sale/herstal/4040/20818294
https://www.immoweb.be/en/classified/house/for-sale/liege/4020/20818058
https://www.immoweb.be/en/classified/house/for-sale/meulebeke/8760/20818714
https://www.immoweb.be/en/classified/house/for-sale/saint-nicolas/4420/20818375
https://www.immoweb.be/en/classified/house/for-sale/milmort/4041/20817350
https://www.immoweb.be/en/classified/mixed-use-building/for-sale/liege/4000/20817707
https://www.immoweb.be/en/classified/house/for-sale/boechout/2530/20818617
https://www.immoweb.be/en/classified/house/for-sale/stree-lez-huy/4577/20818369
https://www.immoweb.be/en/classified/house/for-sale/kortrijk/8500/20818082
https://www.immoweb.be/en/classified/apartment/for-sale/kortrijk/8500/20818080
https://www.immoweb.be/en/classified/house/for-sale/kortrijk/8500/20818079
https://www.immoweb.be/en/classified/apartment/for-sale/kortrijk/8500/20818081
https://www.immoweb.be/en/classified/house/for-sale/kortrijk/8510/20818078
https://www.immoweb.be/en/classified/house/for-sale/marke/8510/20818077
https://www.immoweb.be/en/classified/house/for-sale/menen/8930/20818076
https://www.immoweb.be/en/classified/duplex/for-sale/liege/4020/20818074
https://www.immoweb.be/en/classified/mixed-use-building/for-sale/dilbeek/1700/20818069
https://www.immoweb.be/en/classified/apartment/for-sale/saint-georges-sur-meuse/4470/20818064
https://www.immoweb.be/en/classified/house/for-sale/les-bons-villers/6210/20818062
https://www.immoweb.be/en/classified/mixed-use-building/for-sale/vilvoorde/1800/20818061
https://www.immoweb.be/en/classified/house/for-sale/lokeren/9160/20775963
https://www.immoweb.be/en/classified/house/for-sale/liege/4020/20818058
https://www.immoweb.be/en/classified/apartment/for-sale/herstal/4040/20818054
https://www.immoweb.be/en/classified/house/for-sale/soumagne/4630/20818050
https://www.immoweb.be/en/classified/house/for-sale/genk/3600/20718131
https://www.immoweb.be/en/classified/house/for-sale/flemalle/4400/20818046
https://www.immoweb.be/en/classified/villa/for-sale/waterloo/1410/20818040
https://www.immoweb.be/en/classified/apartment-block/for-sale/roosdaal/1760/20818038
https://www.immoweb.be/en/classified/house/for-sale/turnhout/2300/20818037
https://www.immoweb.be/en/classified/house/for-sale/oostende/8400/20818035
https://www.immoweb.be/en/classified/house/for-sale/seraing/4100/20818031
https://www.immoweb.be/en/classified/apartment/for-sale/de-panne/8660/20818029
https://www.immoweb.be/en/classified/apartment-block/for-sale/mouscron/7700/20818027
https://www.immoweb.be/en/classified/house/for-sale/mouscron/7700/20818026
https://www.immoweb.be/en/classified/penthouse/for-sale/herstal/4040/20818025
https://www.immoweb.be/en/classified/house/for-sale/herseaux/7712/20818024
https://www.immoweb.be/en/classified/house/for-sale/aarschot/3200/20818014
https://www.immoweb.be/en/classified/house/for-sale/edegem/2650/20818010
https://www.immoweb.be/en/classified/new-real-estate-project-apartments/for-sale/izegem/8870/11461971
https://www.immoweb.be/en/classified/new-real-estate-project-apartments/for-sale/leuven/3000/20623893
https://www.immoweb.be/en/classified/new-real-estate-project-apartments/for-sale/wondelgem/9032/20482917
https://www.immoweb.be/en/classified/new-real-estate-project-apartments/for-sale/namur/5000/20465851
https://www.immoweb.be/en/classified/new-real-estate-project-apartments/for-sale/seneffe/7180/20569047
https://www.immoweb.be/en/classified/new-real-estate-project-apartments/for-sale/wevelgem/8560/10650440
https://www.immoweb.be/en/classified/new-real-estate-project-apartments/for-sale/leuven/3000/20697799
https://www.immoweb.be/en/classified/new-real-estate-project-apartments/for-sale/meulebeke/8760/11391838
https://www.immoweb.be/en/classified/new-real-estate-project-apartments/for-sale/ronse/9600/20548612
https://www.immoweb.be/en/classified/new-real-estate-project-apartments/for-sale/ieper/8900/10153030
https://www.immoweb.be/en/classified/new-real-estate-project-apartments/for-sale/arlon/6700/20356527
https://www.immoweb.be/en/classified/new-real-estate-project-apartments/for-sale/aalst/9300/20477643
https://www.immoweb.be/en/classified/new-real-estate-project-apartments/for-sale/lebbeke/9280/20196678
https://www.immoweb.be/en/classified/new-real-estate-project-apartments/for-sale/mortsel/2640/20694333
https://www.immoweb.be/en/classified/new-real-estate-project-apartments/for-sale/blankenberge/8370/20115360
https://www.immoweb.be/en/classified/new-real-estate-project-apartments/for-sale/zottegem/9620/20682882
https://www.immoweb.be/en/classified/new-real-estate-project-apartments/for-sale/zottegem/9620/20522096
https://www.immoweb.be/en/classified/new-real-estate-project-apartments/for-sale/geel/2440/10991297
https://www.immoweb.be/en/classified/new-real-estate-project-apartments/for-sale/diksmuide/8600/20302604
https://www.immoweb.be/en/classified/new-real-estate-project-apartments/for-sale/kluisbergen/9690/20355948
https://www.immoweb.be/en/classified/new-real-estate-project-apartments/for-sale/oudenburg/8460/10717652
https://www.immoweb.be/en/classified/new-real-estate-project-apartments/for-sale/izegem/8870/20684392
https://www.immoweb.be/en/classified/new-real-estate-project-apartments/for-sale/brussels-city/1000/9881253
https://www.immoweb.be/en/classified/new-real-estate-project-apartments/for-sale/roeselare/8800/20366769
https://www.immoweb.be/en/classified/new-real-estate-project-apartments/for-sale/aalst/9300/20477852
https://www.immoweb.be/en/classified/new-real-estate-project-apartments/for-sale/beveren/9120/11414733
https://www.immoweb.be/en/classified/new-real-estate-project-houses/for-sale/roesbrugge-haringe/8972/10417252
https://www.immoweb.be/en/classified/new-real-estate-project-apartments/for-sale/evere/1140/20719389
https://www.immoweb.be/en/classified/new-real-estate-project-apartments/for-sale/ronse/9600/20643634
https://www.immoweb.be/en/classified/new-real-estate-project-apartments/for-sale/ieper/8900/10538402
https://www.immoweb.be/en/classified/house/for-sale/vaux-sous-chevremont/4051/20807589
https://www.immoweb.be/en/classified/apartment-block/for-sale/schaerbeek/1030/20542285
https://www.immoweb.be/en/classified/house/for-sale/marke/8510/20807585
https://www.immoweb.be/en/classified/house/for-sale/sint-genesius-rode/1640/20807583
https://www.immoweb.be/en/classified/house/for-sale/ransart/6043/20746871
https://www.immoweb.be/en/classified/house/for-sale/izegem/8870/20807579
https://www.immoweb.be/en/classified/apartment/for-sale/nieuwpoort/8620/20807577
https://www.immoweb.be/en/classified/house/for-sale/lauwe/8930/20807581
https://www.immoweb.be/en/classified/house/for-sale/de-haan/8420/20807571
https://www.immoweb.be/en/classified/house/for-sale/attert/6717/20807570
https://www.immoweb.be/en/classified/house/for-sale/aalst-baardegem/9310/20807566
https://www.immoweb.be/en/classified/apartment/for-sale/bruxelles/1050/20807564
https://www.immoweb.be/en/classified/house/for-sale/gent-drongen/9031/20807563
https://www.immoweb.be/en/classified/mixed-use-building/for-sale/ans/4430/20807562
https://www.immoweb.be/en/classified/house/for-sale/anderlues/6150/20807560
https://www.immoweb.be/en/classified/apartment/for-sale/manage/7170/20807558
https://www.immoweb.be/en/classified/duplex/for-sale/la-louviere-strepy-bracquegnies/7110/20807568
https://www.immoweb.be/en/classified/house/for-sale/la-louviere-strepy-bracquegnies/7110/20807559
https://www.immoweb.be/en/classified/penthouse/for-sale/dilbeek-groot-bijgaarden/1702/20807557
https://www.immoweb.be/en/classified/apartment/for-sale/wijnegem/2110/20807552
https://www.immoweb.be/en/classified/house/for-sale/asse/1730/20807551
https://www.immoweb.be/en/classified/house/for-sale/haaltert/9450/20654653
https://www.immoweb.be/en/classified/apartment/for-sale/vilvoorde/1800/20522701
https://www.immoweb.be/en/classified/house/for-sale/kapelle-op-den-bos/1880/20799545
https://www.immoweb.be/en/classified/house/for-sale/dendermonde/9200/20807549
https://www.immoweb.be/en/classified/house/for-sale/gent/9000/20807548
https://www.immoweb.be/en/classified/house/for-sale/zulte/9870/20807547
https://www.immoweb.be/en/classified/apartment/for-sale/hasselt/3500/20807546
https://www.immoweb.be/en/classified/ground-floor/for-sale/hasselt/3500/20807545
https://www.immoweb.be/en/classified/apartment/for-sale/de-haan/8420/20807544
https://www.immoweb.be/en/classified/apartment/for-sale/turnhout/2300/20803082
https://www.immoweb.be/en/classified/duplex/for-sale/antwerpen/2060/20801434
https://www.immoweb.be/en/classified/house/for-sale/zwevegem/8550/20808071
https://www.immoweb.be/en/classified/apartment/for-sale/hoboken/2660/20814007
https://www.immoweb.be/en/classified/apartment/for-sale/haaltert/9450/20811141
https://www.immoweb.be/en/classified/apartment/for-sale/borgerhout/2140/20814778
https://www.immoweb.be/en/classified/apartment/for-sale/saint-gilles/1060/20815541
https://www.immoweb.be/en/classified/house/for-sale/geraardsbergen/9500/20816198
https://www.immoweb.be/en/classified/house/for-sale/wingene/8750/20815804
https://www.immoweb.be/en/classified/apartment/for-sale/knokke-zoute/8300/20818161
https://www.immoweb.be/en/classified/duplex/for-sale/uccle/1180/20817850
https://www.immoweb.be/en/classified/apartment/for-sale/deurne/2100/20810450
https://www.immoweb.be/en/classified/apartment/for-sale/bruxelles/1020/20808102
https://www.immoweb.be/en/classified/house/for-sale/grace-hollogne/4460/20818376
https://www.immoweb.be/en/classified/house/for-sale/wavre/1300/20816927
https://www.immoweb.be/en/classified/house/for-sale/stekene/9190/20817784
https://www.immoweb.be/en/classified/house/for-sale/sint-gillis-waas/9170/20817911
https://www.immoweb.be/en/classified/house/for-sale/schaerbeek/1030/20817884
https://www.immoweb.be/en/classified/apartment-block/for-sale/anderlecht/1070/20818540
https://www.immoweb.be/en/classified/house/for-sale/kortrijk/8500/20811113
https://www.immoweb.be/en/classified/house/for-sale/oudenaarde/9700/20813101
https://www.immoweb.be/en/classified/exceptional-property/for-sale/laeken/1020/20812435
https://www.immoweb.be/en/classified/apartment/for-sale/izegem/8870/20816268
https://www.immoweb.be/en/classified/apartment/for-sale/de-panne/8660/20816447
https://www.immoweb.be/en/classified/apartment/for-sale/gent/9000/20816143
https://www.immoweb.be/en/classified/apartment/for-sale/knokke-heist/8300/20816324
https://www.immoweb.be/en/classified/chalet/for-sale/rendeux/6987/20816321
https://www.immoweb.be/en/classified/bungalow/for-sale/evergem/9940/20816555
https://www.immoweb.be/en/classified/apartment/for-sale/diksmuide/8600/20814415
https://www.immoweb.be/en/classified/apartment/for-sale/molenbeek-saint-jean/1080/20815353
https://www.immoweb.be/en/classified/house/for-sale/neerpelt/3910/20818419
https://www.immoweb.be/en/classified/apartment/for-sale/houthalen/3530/20818420
https://www.immoweb.be/en/classified/apartment/for-sale/woluwe-saint-lambert/1200/20818417
https://www.immoweb.be/en/classified/house/for-sale/herseaux/7712/20818415
https://www.immoweb.be/en/classified/flat-studio/for-sale/schaarbeek/1030/20818410
https://www.immoweb.be/en/classified/mixed-use-building/for-sale/lier/2500/20818408
https://www.immoweb.be/en/classified/apartment/for-sale/auderghem/1160/20818405
https://www.immoweb.be/en/classified/house/for-sale/mourcourt/7543/20724303
https://www.immoweb.be/en/classified/house/for-sale/amay/4540/20818402
https://www.immoweb.be/en/classified/house/for-sale/plainevaux/4122/20818400
https://www.immoweb.be/en/classified/house/for-sale/ivoz-ramet/4400/20818395
https://www.immoweb.be/en/classified/apartment/for-sale/waremme/4300/20818386
https://www.immoweb.be/en/classified/house/for-sale/seraing/4100/20818389
https://www.immoweb.be/en/classified/apartment/for-sale/flemalle-grande/4400/20818394
https://www.immoweb.be/en/classified/house/for-sale/verlaine/4537/20818392
https://www.immoweb.be/en/classified/house/for-sale/jemeppe-sur-meuse/4101/20818390
https://www.immoweb.be/en/classified/apartment/for-sale/flemalle-grande/4400/20818383
https://www.immoweb.be/en/classified/house/for-sale/tihange/4500/20818393
https://www.immoweb.be/en/classified/apartment/for-sale/ans/4430/20818379
https://www.immoweb.be/en/classified/apartment/for-sale/flemalle-grande/4400/20818382
https://www.immoweb.be/en/classified/house/for-sale/wandre/4020/20818380
https://www.immoweb.be/en/classified/apartment/for-sale/hollogne-aux-pierres/4460/20818381
https://www.immoweb.be/en/classified/house/for-sale/grace-hollogne/4460/20818376
https://www.immoweb.be/en/classified/house/for-sale/liege/4000/20818373
https://www.immoweb.be/en/classified/house/for-sale/saint-nicolas/4420/20818375
https://www.immoweb.be/en/classified/house/for-sale/flemalle/4400/20818377
https://www.immoweb.be/en/classified/house/for-sale/seraing/4100/20818374
https://www.immoweb.be/en/classified/house/for-sale/flemalle/4400/20818372
https://www.immoweb.be/en/classified/house/for-sale/stree-lez-huy/4577/20818369
https://www.immoweb.be/en/classified/apartment/for-sale/forest/1190/20818366
https://www.immoweb.be/en/classified/new-real-estate-project-houses/for-sale/herent/3020/20685405
https://www.immoweb.be/en/classified/new-real-estate-project-houses/for-sale/kontich/2550/20705873
https://www.immoweb.be/en/classified/new-real-estate-project-houses/for-sale/belsele/9111/20581999
https://www.immoweb.be/en/classified/new-real-estate-project-houses/for-sale/jodoigne/1370/20439706
https://www.immoweb.be/en/classified/new-real-estate-project-houses/for-sale/grimbergen/1850/20744671
https://www.immoweb.be/en/classified/new-real-estate-project-houses/for-sale/berlare/9290/20498509
https://www.immoweb.be/en/classified/new-real-estate-project-apartments/for-sale/antwerpen/2000/10292729
https://www.immoweb.be/en/classified/new-real-estate-project-apartments/for-sale/braine-lalleud/1420/20658067
https://www.immoweb.be/en/classified/new-real-estate-project-houses/for-sale/diest/3290/20344134
https://www.immoweb.be/en/classified/new-real-estate-project-houses/for-sale/tielt-winge/3390/20214509
https://www.immoweb.be/en/classified/new-real-estate-project-apartments/for-sale/oostduinkerke/8670/11027631
https://www.immoweb.be/en/classified/new-real-estate-project-houses/for-sale/orp-le-grand/1350/11344109
https://www.immoweb.be/en/classified/new-real-estate-project-apartments/for-sale/brugge/8000/20611702
https://www.immoweb.be/en/classified/new-real-estate-project-houses/for-sale/vorselaar/2290/11097309
https://www.immoweb.be/en/classified/new-real-estate-project-houses/for-sale/bellem/9881/20376270
https://www.immoweb.be/en/classified/new-real-estate-project-houses/for-sale/kampenhout/1910/20561613
https://www.immoweb.be/en/classified/new-real-estate-project-apartments/for-sale/woluwe-saint-pierre/1150/20726034
https://www.immoweb.be/en/classified/new-real-estate-project-houses/for-sale/de-haan/8420/20742433
https://www.immoweb.be/en/classified/new-real-estate-project-houses/for-sale/de-haan/8420/20741913
https://www.immoweb.be/en/classified/new-real-estate-project-houses/for-sale/vorselaar/2290/10340533
https://www.immoweb.be/en/classified/new-real-estate-project-apartments/for-sale/evere/1140/20586301
https://www.immoweb.be/en/classified/new-real-estate-project-houses/for-sale/zonhoven/3520/20597903
https://www.immoweb.be/en/classified/new-real-estate-project-houses/for-sale/mariakerke/9030/11443407
https://www.immoweb.be/en/classified/new-real-estate-project-houses/for-sale/ottergem/9420/20541758
https://www.immoweb.be/en/classified/new-real-estate-project-apartments/for-sale/braine-lalleud/1420/11430938
https://www.immoweb.be/en/classified/new-real-estate-project-houses/for-sale/overijse/3090/10228061
https://www.immoweb.be/en/classified/new-real-estate-project-houses/for-sale/minderhout/2322/20511303
https://www.immoweb.be/en/classified/new-real-estate-project-apartments/for-sale/brugge/8000/10593196
https://www.immoweb.be/en/classified/new-real-estate-project-apartments/for-sale/wenduine/8420/11052938
https://www.immoweb.be/en/classified/apartment/for-sale/etterbeek/1040/20799685
https://www.immoweb.be/en/classified/house/for-sale/uccle/1180/20793422
https://www.immoweb.be/en/classified/apartment/for-sale/oostende/8400/20799659
https://www.immoweb.be/en/classified/apartment/for-sale/willebroek/2830/20800748
https://www.immoweb.be/en/classified/new-real-estate-project-apartments/for-sale/mons/7000/20801791
https://www.immoweb.be/en/classified/apartment/for-sale/flemalle-grande/4400/20818382
https://www.immoweb.be/en/classified/apartment/for-sale/deurne/2100/20817166
https://www.immoweb.be/en/classified/new-real-estate-project-apartments/for-sale/herentals/2200/20779991
https://www.immoweb.be/en/classified/new-real-estate-project-apartments/for-sale/veurne/8630/20774782
https://www.immoweb.be/en/classified/new-real-estate-project-apartments/for-sale/brasschaat/2930/20780129
https://www.immoweb.be/en/classified/new-real-estate-project-houses/for-sale/dottenijs/7711/20778419
https://www.immoweb.be/en/classified/new-real-estate-project-houses/for-sale/dottenijs/7711/20778409
https://www.immoweb.be/en/classified/duplex/for-sale/gentbrugge/9050/20817988
https://www.immoweb.be/en/classified/new-real-estate-project-apartments/for-sale/veurne/8630/20774788
https://www.immoweb.be/en/classified/new-real-estate-project-apartments/for-sale/nieuwpoort/8620/20774728
https://www.immoweb.be/en/classified/new-real-estate-project-houses/for-sale/herentals/2200/20779996
https://www.immoweb.be/en/classified/new-real-estate-project-houses/for-sale/wetteren/9230/20780225
https://www.immoweb.be/en/classified/new-real-estate-project-houses/for-sale/noorderwijk/2200/20780266
https://www.immoweb.be/en/classified/new-real-estate-project-apartments/for-sale/nieuwpoort/8620/20774729
https://www.immoweb.be/en/classified/new-real-estate-project-apartments/for-sale/koksijde/8670/20774723
https://www.immoweb.be/en/classified/new-real-estate-project-houses/for-sale/oud-turnhout/2360/20780257
https://www.immoweb.be/en/classified/new-real-estate-project-apartments/for-sale/koksijde/8670/20774720
https://www.immoweb.be/en/classified/penthouse/for-sale/waterloo/1410/20817552
https://www.immoweb.be/en/classified/house/for-sale/izegem/8870/20814329
https://www.immoweb.be/en/classified/house/for-sale/beaufays/4052/20814325
https://www.immoweb.be/en/classified/house/for-sale/brakel/9660/20676319
https://www.immoweb.be/en/classified/house/for-sale/mortsel/2640/20814324
https://www.immoweb.be/en/classified/house/for-sale/wavre/1300/20814323
https://www.immoweb.be/en/classified/house/for-sale/berlaar/2590/20814322
https://www.immoweb.be/en/classified/apartment/for-sale/ixelles/1050/20814320
https://www.immoweb.be/en/classified/house/for-sale/hoboken/2660/20814319
https://www.immoweb.be/en/classified/apartment/for-sale/oostende/8400/20814318
https://www.immoweb.be/en/classified/apartment/for-sale/seraing/4100/20814316
https://www.immoweb.be/en/classified/house/for-sale/merksem/2170/20814315
https://www.immoweb.be/en/classified/house/for-sale/florenville/6820/20814314
https://www.immoweb.be/en/classified/apartment/for-sale/hoboken/2660/20814312
https://www.immoweb.be/en/classified/apartment/for-sale/aartselaar/2630/20814311
https://www.immoweb.be/en/classified/apartment-block/for-sale/hoboken/2660/20814310
https://www.immoweb.be/en/classified/flat-studio/for-sale/watermael-boitsfort/1170/20814308
https://www.immoweb.be/en/classified/apartment/for-sale/watermael/1170/20814307
https://www.immoweb.be/en/classified/house/for-sale/horebeke/9667/20814293
https://www.immoweb.be/en/classified/duplex/for-sale/liege/4000/20814305
https://www.immoweb.be/en/classified/villa/for-sale/tessenderlo/3980/20691968
https://www.immoweb.be/en/classified/apartment/for-sale/ganshoren/1083/20786003
https://www.immoweb.be/en/classified/apartment/for-sale/waterloo/1410/20808047
https://www.immoweb.be/en/classified/exceptional-property/for-sale/zandvliet/2040/20808046
https://www.immoweb.be/en/classified/house/for-sale/sint-martens-bodegem/1700/20808042
https://www.immoweb.be/en/classified/flat-studio/for-sale/bruxelles/1000/20808038
https://www.immoweb.be/en/classified/apartment-block/for-sale/liege/4000/20808037
https://www.immoweb.be/en/classified/house/for-sale/meerle/2328/20808034
https://www.immoweb.be/en/classified/apartment/for-sale/uccle/1180/20808030
https://www.immoweb.be/en/classified/house/for-sale/courcelles/6180/20808028
https://www.immoweb.be/en/classified/apartment/for-sale/tongeren/3700/20808026
https://www.immoweb.be/en/classified/house/for-sale/knesselare/9910/20808025
https://www.immoweb.be/en/classified/house/for-sale/lommel/3920/20808024
https://www.immoweb.be/en/classified/apartment/for-sale/lanaken/3620/20808023
https://www.immoweb.be/en/classified/apartment/for-sale/hasselt/3500/20808022
https://www.immoweb.be/en/classified/house/for-sale/zwevegem-zwevegem/8550/20808021
https://www.immoweb.be/en/classified/house/for-sale/zarren/8610/20808020
https://www.immoweb.be/en/classified/apartment/for-sale/uccle/1180/20808019
https://www.immoweb.be/en/classified/apartment/for-sale/wingene/8750/20808016
https://www.immoweb.be/en/classified/ground-floor/for-sale/aarschot/3200/20808015
https://www.immoweb.be/en/classified/house/for-sale/aarschot/3200/20808014
https://www.immoweb.be/en/classified/apartment/for-sale/tongeren/3700/20808013
https://www.immoweb.be/en/classified/triplex/for-sale/hasselt/3500/20808012
https://www.immoweb.be/en/classified/house/for-sale/antwerpen-2060/2060/20808010
https://www.immoweb.be/en/classified/apartment/for-sale/tongeren/3700/20808007
https://www.immoweb.be/en/classified/house/for-sale/kortrijk/8501/20808005
https://www.immoweb.be/en/classified/house/for-sale/kortrijk/8500/20645262
https://www.immoweb.be/en/classified/house/for-sale/roeselare/8800/20808003
https://www.immoweb.be/en/classified/apartment/for-sale/tongeren/3700/20808002
https://www.immoweb.be/en/classified/apartment/for-sale/tongeren/3700/20808001
https://www.immoweb.be/en/classified/apartment/for-sale/berlare/9290/20808000
https://www.immoweb.be/en/classified/apartment/for-sale/gent/9000/20807999
https://www.immoweb.be/en/classified/new-real-estate-project-apartments/for-sale/bruxelles/1000/20557496
https://www.immoweb.be/en/classified/new-real-estate-project-houses/for-sale/perwez/1360/20759420
https://www.immoweb.be/en/classified/new-real-estate-project-apartments/for-sale/brussel/1000/20766392
https://www.immoweb.be/en/classified/new-real-estate-project-houses/for-sale/sinaai/9112/20756762
https://www.immoweb.be/en/classified/new-real-estate-project-apartments/for-sale/braine-lalleud/1420/20776334
https://www.immoweb.be/en/classified/new-real-estate-project-houses/for-sale/roosdaal/1760/20674381
https://www.immoweb.be/en/classified/new-real-estate-project-apartments/for-sale/court-saint-etienne/1490/20745255
https://www.immoweb.be/en/classified/new-real-estate-project-apartments/for-sale/auderghem/1160/20757325
https://www.immoweb.be/en/classified/new-real-estate-project-houses/for-sale/gooik/1755/20672314
https://www.immoweb.be/en/classified/new-real-estate-project-apartments/for-sale/antwerpen/2000/20750625
https://www.immoweb.be/en/classified/new-real-estate-project-apartments/for-sale/woluwe-saint-lambert/1200/20724756
https://www.immoweb.be/en/classified/new-real-estate-project-houses/for-sale/galmaarden/1570/20672342
https://www.immoweb.be/en/classified/new-real-estate-project-houses/for-sale/geraardsbergen/9500/20621058
https://www.immoweb.be/en/classified/new-real-estate-project-apartments/for-sale/waterloo/1410/20628538
https://www.immoweb.be/en/classified/new-real-estate-project-apartments/for-sale/ixelles/1050/20612537
https://www.immoweb.be/en/classified/new-real-estate-project-apartments/for-sale/groot-bijgaarden/1702/20767381
https://www.immoweb.be/en/classified/new-real-estate-project-apartments/for-sale/bruxelles/1000/20492926
https://www.immoweb.be/en/classified/new-real-estate-project-apartments/for-sale/bruxelles/1080/20492863
https://www.immoweb.be/en/classified/new-real-estate-project-houses/for-sale/braine-lalleud/1420/20627267
https://www.immoweb.be/en/classified/new-real-estate-project-houses/for-sale/brussel/1000/20766406
https://www.immoweb.be/en/classified/new-real-estate-project-houses/for-sale/chaumont-gistoux/1325/20770893
https://www.immoweb.be/en/classified/new-real-estate-project-apartments/for-sale/woluwe-saint-pierre/1150/20771240
https://www.immoweb.be/en/classified/new-real-estate-project-apartments/for-sale/woluwe-saint-pierre/1150/20621834
https://www.immoweb.be/en/classified/new-real-estate-project-houses/for-sale/wezembeek-oppem/1970/20621869
https://www.immoweb.be/en/classified/new-real-estate-project-houses/for-sale/elsene/1050/20766398
https://www.immoweb.be/en/classified/new-real-estate-project-houses/for-sale/ixelles/1050/20621123
https://www.immoweb.be/en/classified/house/for-sale/turnhout/2300/20803076
https://www.immoweb.be/en/classified/bungalow/for-sale/de-haan/8420/20800456
https://www.immoweb.be/en/classified/house/for-sale/mortsel/2640/20802446
https://www.immoweb.be/en/classified/town-house/for-sale/boechout/2530/20803064